// MilkShape 3D ASCII

Frames: 30
Frame: 1

Meshes: 3
"frame" 0 0
30
0 18.500000 10.000000 3.000000 0.493052 0.514481 -1
0 10.000000 4.000000 -0.000000 0.493052 0.514481 -1
0 8.000000 -0.500000 3.000000 0.493052 0.514481 -1
0 -8.000000 -0.500000 3.000000 0.493052 0.514481 -1
0 -10.000000 22.000000 -0.000002 0.493052 0.514481 -1
0 -10.000000 4.000000 -0.000000 0.493052 0.514481 -1
0 1.500000 28.000000 2.999998 0.493052 0.514481 -1
0 2.000000 30.000000 -0.000002 0.493052 0.514481 -1
0 -2.000000 30.000000 -0.000002 0.493052 0.514481 -1
0 -1.500000 28.000000 2.999998 0.493052 0.514481 -1
0 8.000000 21.500000 2.999999 0.493052 0.514481 -1
0 10.000000 22.000000 -0.000002 0.493052 0.514481 -1
0 18.000000 12.000000 -0.000001 0.493052 0.514481 -1
0 23.500000 10.000000 3.000000 0.493052 0.514481 -1
0 24.000000 12.000000 -0.000001 0.493052 0.514481 -1
0 -18.500000 10.000000 3.000000 0.493052 0.514481 -1
0 -18.000000 12.000000 -0.000001 0.493052 0.514481 -1
0 -8.000000 21.500000 2.999999 0.493052 0.514481 -1
0 28.000000 5.500000 3.000000 0.493052 0.514481 -1
0 30.000000 6.000000 -0.000000 0.493052 0.514481 -1
0 30.000000 0.000000 0.000000 0.493052 0.514481 -1
0 28.000000 0.500000 3.000000 0.493052 0.514481 -1
0 0.000000 -27.500000 3.000002 0.493052 0.514481 -1
0 0.000000 -30.000000 0.000002 0.493052 0.514481 -1
0 -28.000000 0.500000 3.000000 0.493052 0.514481 -1
0 -30.000000 0.000000 0.000000 0.493052 0.514481 -1
0 -28.000000 5.500000 3.000000 0.493052 0.514481 -1
0 -30.000000 6.000000 -0.000000 0.493052 0.514481 -1
0 -23.500000 10.000000 3.000000 0.493052 0.514481 -1
0 -24.000000 12.000000 -0.000001 0.493052 0.514481 -1
17
-0.336300 0.756800 0.560600
0.172700 0.492100 0.853200
0.202600 0.479300 0.854000
-0.202600 0.479300 0.854000
-0.768800 0.303300 0.563100
-0.172700 0.492100 0.853200
0.336300 0.756800 0.560600
0.303300 0.768800 0.563100
-0.303300 0.768800 0.563100
0.756800 0.336300 0.560600
0.768800 0.303300 0.563100
-0.756800 0.336300 0.560600
0.768800 -0.303300 0.563100
0.756800 -0.336300 0.560600
-0.000000 -0.768200 0.640200
-0.756800 -0.336300 0.560600
-0.768800 -0.303300 0.563100
30
0 0 1 2 0 1 2 1
0 3 4 5 3 4 5 1
0 6 7 8 6 7 8 1
0 9 6 8 0 6 8 1
0 10 11 7 9 10 7 1
0 7 6 10 7 6 9 1
0 11 10 2 10 9 2 1
0 0 12 1 0 8 1 1
0 13 14 12 6 7 8 1
0 12 0 13 8 0 6 1
0 15 5 16 6 5 7 1
0 3 17 4 3 11 4 1
0 17 9 8 11 0 8 1
0 17 8 4 11 8 4 1
0 18 19 14 9 10 7 1
0 14 13 18 7 6 9 1
0 20 19 18 12 10 9 1
0 18 21 20 9 13 12 1
0 22 23 20 14 14 12 1
0 20 21 22 12 13 14 1
0 22 24 25 14 15 16 1
0 25 23 22 16 14 14 1
0 26 27 25 11 4 16 1
0 25 24 26 16 15 11 1
0 28 29 27 0 8 4 1
0 27 26 28 4 11 0 1
0 15 16 29 6 7 8 1
0 29 28 15 8 0 6 1
0 1 11 2 1 10 2 1
0 3 5 15 3 5 6 1
"outer" 0 1
72
0 1.000000 21.000000 7.499999 0.529223 0.133386 -1
0 1.173177 27.210979 3.999999 0.529223 0.023372 -1
0 -1.173177 27.210979 3.999999 0.529223 0.023372 -1
0 -1.000000 21.000000 7.499999 0.529223 0.133386 -1
0 -7.210979 21.173178 3.999999 0.529223 0.130319 -1
0 -4.000000 18.000000 7.500000 0.529223 0.186525 -1
0 -7.210979 -2.404864 4.000001 0.529223 0.547956 -1
0 -4.000000 -4.500000 7.500000 0.529223 0.585067 -1
0 0.000000 2.000000 7.500000 0.529223 0.469932 -1
0 0.000000 5.500000 7.500000 0.529223 0.407937 -1
0 -4.000000 9.500000 7.500001 0.529223 0.337085 -1
0 -4.000000 6.000000 7.500000 0.529223 0.399081 -1
0 4.000000 9.500000 7.500000 0.529223 0.337085 -1
0 4.000000 18.000000 7.499999 0.529223 0.186525 -1
0 7.210979 21.173178 3.999999 0.529223 0.130319 -1
0 4.000000 6.000000 7.500000 0.529223 0.399081 -1
0 4.000000 -4.500000 7.500000 0.529223 0.585067 -1
0 19.500000 5.000000 7.500000 0.529223 0.416794 -1
0 18.826822 9.210979 4.000000 0.529223 0.342205 -1
0 7.210979 -2.404864 4.000000 0.529223 0.547956 -1
0 8.500000 -6.000000 7.500000 0.529223 0.611636 -1
0 5.500000 -6.000000 7.500000 0.529223 0.611636 -1
0 0.000000 -11.500000 7.500001 0.529223 0.709057 -1
0 -5.500000 -6.000000 7.500000 0.529223 0.611636 -1
0 0.000000 -8.500000 7.500000 0.529223 0.655918 -1
0 -8.500000 -6.000000 7.500000 0.529223 0.611636 -1
0 -18.826822 9.210979 4.000000 0.529223 0.342205 -1
0 -19.500000 5.000000 7.500000 0.529223 0.416794 -1
0 -23.173178 9.210979 4.000000 0.529223 0.342205 -1
0 -22.000000 5.000000 7.500000 0.529223 0.416794 -1
0 -27.210979 5.173177 4.000000 0.529223 0.413726 -1
0 -23.000000 4.000000 7.500000 0.529223 0.434507 -1
0 -23.000000 1.500000 7.500000 0.529223 0.478789 -1
0 -27.210979 0.826823 4.000001 0.529223 0.490713 -1
0 0.000000 -26.384157 4.000002 0.529223 0.972700 -1
0 0.000000 -21.500000 7.500001 0.529223 0.886187 -1
0 27.210979 0.826823 4.000001 0.529223 0.490713 -1
0 23.000000 1.500000 7.500000 0.529223 0.478789 -1
0 27.210979 5.173177 4.000000 0.529223 0.413726 -1
0 23.000000 4.000000 7.500000 0.529223 0.434507 -1
0 23.173178 9.210979 4.000000 0.529223 0.342205 -1
0 22.000000 5.000000 7.500000 0.529223 0.416794 -1
0 1.173177 27.210979 3.999999 0.556972 0.023372 -1
0 -1.500000 28.000000 2.999998 0.556972 0.009396 -1
0 -1.173177 27.210979 3.999999 0.556972 0.023372 -1
0 8.000000 21.500000 2.999999 0.556972 0.124530 -1
0 1.500000 28.000000 2.999998 0.556972 0.009396 -1
0 -18.826822 9.210979 4.000000 0.556972 0.342205 -1
0 -23.500000 10.000000 3.000000 0.556972 0.328229 -1
0 -23.173178 9.210979 4.000000 0.556972 0.342205 -1
0 -27.210979 5.173177 4.000000 0.556972 0.413726 -1
0 27.210979 0.826823 4.000001 0.556972 0.490713 -1
0 28.000000 0.500000 3.000000 0.556972 0.496502 -1
0 27.210979 5.173177 4.000000 0.556972 0.413726 -1
0 23.173178 9.210979 4.000000 0.556972 0.342205 -1
0 23.500000 10.000000 3.000000 0.556972 0.328229 -1
0 7.210979 21.173178 3.999999 0.556972 0.130319 -1
0 8.000000 -0.500000 3.000000 0.556972 0.514215 -1
0 0.000000 -26.384157 4.000002 0.556972 0.972700 -1
0 -28.000000 0.500000 3.000000 0.556972 0.496502 -1
0 0.000000 -27.500000 3.000002 0.556972 0.992465 -1
0 -7.210979 21.173178 3.999999 0.556972 0.130319 -1
0 -8.000000 -0.500000 3.000000 0.556972 0.514215 -1
0 -7.210979 -2.404864 4.000001 0.556972 0.547956 -1
0 -8.000000 21.500000 2.999999 0.556972 0.124530 -1
0 -27.210979 0.826823 4.000001 0.556972 0.490713 -1
0 18.826822 9.210979 4.000000 0.556972 0.342205 -1
0 -18.500000 10.000000 3.000000 0.556972 0.328229 -1
0 7.210979 -2.404864 4.000000 0.556972 0.547956 -1
0 28.000000 5.500000 3.000000 0.556972 0.407937 -1
0 -28.000000 5.500000 3.000000 0.556972 0.407937 -1
0 18.500000 10.000000 3.000000 0.556972 0.328229 -1
48
0.258100 0.468800 0.844700
0.243200 0.619700 0.746200
-0.243200 0.619700 0.746200
-0.258100 0.468800 0.844700
-0.650400 0.286000 0.703700
-0.631800 0.189600 0.751600
-0.183300 0.408500 0.894100
-0.405900 0.180800 0.895900
-0.000000 -0.000000 1.000000
-0.622700 -0.000000 0.782500
-0.459100 -0.000000 0.888400
0.622700 -0.000000 0.782500
0.631800 0.189600 0.751600
0.650400 0.286000 0.703700
0.459100 -0.000000 0.888400
0.405900 0.180800 0.895900
-0.285100 0.585300 0.759000
-0.264600 0.662900 0.700500
0.183300 0.408500 0.894100
-0.254400 0.626300 0.737000
0.167500 0.396000 0.902900
-0.167500 0.396000 0.902900
0.254400 0.626300 0.737000
0.264600 0.662800 0.700500
0.285100 0.585300 0.759000
-0.266700 0.656100 0.706000
-0.259400 0.573600 0.777000
-0.656100 0.266700 0.706000
-0.573600 0.259400 0.777000
-0.585300 -0.285100 0.759000
-0.662900 -0.264600 0.700500
-0.000000 -0.641100 0.767400
-0.000000 -0.582500 0.812800
0.662900 -0.264600 0.700500
0.585300 -0.285100 0.759000
0.656100 0.266700 0.706000
0.573600 0.259400 0.777000
0.266700 0.656100 0.706000
0.259400 0.573600 0.777000
-0.291000 0.702500 0.649400
0.702500 0.291000 0.649400
0.291000 0.702500 0.649400
0.702500 -0.291000 0.649400
0.167000 0.403200 0.899800
-0.702500 -0.291000 0.649400
-0.000000 -0.667400 0.744700
-0.167000 0.403200 0.899800
-0.702500 0.291000 0.649400
76
0 0 1 2 0 1 2 1
0 2 3 0 2 3 0 1
0 4 5 2 4 5 2 1
0 6 7 4 6 7 4 1
0 8 9 10 8 8 9 1
0 10 11 8 9 10 8 1
0 9 8 12 8 8 11 1
0 13 14 1 12 13 1 1
0 13 1 0 12 1 0 1
0 14 13 12 13 12 11 1
0 14 12 15 13 11 14 1
0 14 15 16 13 14 15 1
0 17 18 19 16 17 18 1
0 20 17 19 19 16 18 1
0 21 20 19 20 19 18 1
0 16 21 19 15 20 18 1
0 21 16 22 20 15 8 1
0 7 23 22 7 21 8 1
0 7 22 24 7 8 8 1
0 6 23 7 6 21 7 1
0 6 25 23 6 22 21 1
0 26 27 25 23 24 22 1
0 25 6 26 22 6 23 1
0 26 28 27 23 25 24 1
0 28 29 27 25 26 24 1
0 30 31 29 27 28 26 1
0 29 28 30 26 25 27 1
0 30 32 31 27 29 28 1
0 30 33 32 27 30 29 1
0 34 35 32 31 32 29 1
0 32 33 34 29 30 31 1
0 34 36 37 31 33 34 1
0 34 37 35 31 34 32 1
0 36 38 37 33 35 34 1
0 38 39 37 35 36 34 1
0 40 41 39 37 38 36 1
0 40 39 38 37 36 35 1
0 17 41 40 16 38 37 1
0 17 40 18 16 37 17 1
0 16 24 22 15 8 8 1
0 14 16 19 13 15 18 1
0 5 3 2 5 3 2 1
0 4 7 11 4 7 10 1
0 4 11 10 4 10 9 1
0 4 10 5 4 9 5 1
0 42 43 44 1 39 2 1
0 42 45 46 1 40 41 1
0 47 48 49 23 39 25 1
0 49 48 50 25 39 27 1
0 51 52 53 33 42 35 1
0 54 53 55 37 35 41 1
0 56 57 45 13 43 40 1
0 58 59 60 31 44 45 1
0 61 62 63 4 46 6 1
0 61 44 64 4 2 47 1
0 50 59 65 27 44 30 1
0 58 52 51 31 42 33 1
0 54 55 66 37 41 17 1
0 47 62 67 23 46 41 1
0 66 57 68 17 43 18 1
0 8 15 12 8 14 11 1
0 42 46 43 1 41 39 1
0 42 56 45 1 13 40 1
0 47 67 48 23 41 39 1
0 52 69 53 42 40 35 1
0 48 70 50 39 47 27 1
0 56 68 57 13 18 43 1
0 58 65 59 31 30 44 1
0 61 64 62 4 47 46 1
0 55 71 66 41 39 17 1
0 50 70 59 27 47 44 1
0 58 60 52 31 45 42 1
0 53 69 55 35 40 41 1
0 47 63 62 23 6 46 1
0 66 71 57 17 39 43 1
0 44 43 64 2 39 47 1
"inner" 0 1
27
0 0.000000 -8.500000 7.500000 0.505693 0.003691 -1
0 4.000000 -4.500000 7.500000 0.505693 0.003691 -1
0 4.000000 6.000000 7.500000 0.505693 0.003691 -1
0 1.000000 21.000000 7.499999 0.501879 0.003691 -1
0 -1.000000 21.000000 7.499999 0.501879 0.003691 -1
0 -4.000000 18.000000 7.500000 0.501879 0.003691 -1
0 4.000000 18.000000 7.499999 0.501879 0.003691 -1
0 -4.000000 9.500000 7.500001 0.501879 0.003691 -1
0 4.000000 9.500000 7.500000 0.501879 0.003691 -1
0 0.000000 5.500000 7.500000 0.501879 0.003691 -1
0 0.000000 2.000000 7.500000 0.505693 0.003691 -1
0 -4.000000 6.000000 7.500000 0.505693 0.003691 -1
0 -4.000000 -4.500000 7.500000 0.505693 0.003691 -1
0 0.000000 -21.500000 7.500001 0.509899 0.003691 -1
0 8.500000 -6.000000 7.500000 0.509899 0.003691 -1
0 0.000000 -11.500000 7.500001 0.509899 0.003691 -1
0 -8.500000 -6.000000 7.500000 0.509899 0.003691 -1
0 23.000000 4.000000 7.500000 0.509899 0.003691 -1
0 22.000000 5.000000 7.500000 0.509899 0.003691 -1
0 19.500000 5.000000 7.500000 0.509899 0.003691 -1
0 23.000000 1.500000 7.500000 0.509899 0.003691 -1
0 -19.500000 5.000000 7.500000 0.509899 0.003691 -1
0 -22.000000 5.000000 7.500000 0.509899 0.003691 -1
0 -23.000000 4.000000 7.500000 0.509899 0.003691 -1
0 -23.000000 1.500000 7.500000 0.509899 0.003691 -1
0 5.500000 -6.000000 7.500000 0.509899 0.003691 -1
0 -5.500000 -6.000000 7.500000 0.509899 0.003691 -1
1
-0.000000 -0.000000 1.000000
21
0 0 1 2 0 0 0 1
0 3 4 5 0 0 0 1
0 5 6 3 0 0 0 1
0 7 8 6 0 0 0 1
0 7 6 5 0 0 0 1
0 7 9 8 0 0 0 1
0 10 0 2 0 0 0 1
0 0 10 11 0 0 0 1
0 11 12 0 0 0 0 1
0 13 14 15 0 0 0 1
0 13 15 16 0 0 0 1
0 17 18 19 0 0 0 1
0 19 20 17 0 0 0 1
0 21 22 23 0 0 0 1
0 21 23 24 0 0 0 1
0 13 16 21 0 0 0 1
0 21 24 13 0 0 0 1
0 19 14 13 0 0 0 1
0 13 20 19 0 0 0 1
0 15 14 25 0 0 0 1
0 15 26 16 0 0 0 1

Materials: 2
"frame"
0.000000 0.000000 0.000000 1.000000
1.000000 1.000000 1.000000 1.000000
1.000000 1.000000 1.000000 1.000000
0.000000 0.000000 0.000000 1.000000
0.000000
1.000000
"textures/Frame 4th ani texture.ini"
""
"parts"
0.000000 0.000000 0.000000 1.000000
1.000000 1.000000 1.000000 1.000000
1.000000 1.000000 1.000000 1.000000
0.000000 0.000000 0.000000 1.000000
0.000000
1.000000
"textures/Tap Note 4th ani texture.ini"
""
