// MilkShape 3D ASCII

Frames: 30
Frame: 1

Meshes: 3
"frame" 0 0
30
0 18.500000 10.000000 2.999999 0.058594 0.333333 -1
0 10.000000 4.000000 -0.000000 0.058594 0.433333 -1
0 8.000000 -0.500000 3.000000 0.058594 0.508333 -1
0 -8.000000 -0.500000 3.000000 0.058594 0.508333 -1
0 -10.000000 22.000000 -0.000004 0.058594 0.133333 -1
0 -10.000000 4.000000 -0.000000 0.058594 0.433333 -1
0 1.500000 28.000000 2.999996 0.058594 0.033333 -1
0 2.000000 30.000000 -0.000004 0.058594 0.000000 -1
0 -2.000000 30.000000 -0.000004 0.058594 0.000000 -1
0 -1.500000 28.000000 2.999996 0.058594 0.033333 -1
0 8.000000 21.500000 2.999997 0.058594 0.141667 -1
0 10.000000 22.000000 -0.000004 0.058594 0.133333 -1
0 18.000000 12.000000 -0.000002 0.058594 0.300000 -1
0 23.500000 10.000000 2.999999 0.058594 0.333333 -1
0 24.000000 12.000000 -0.000002 0.058594 0.300000 -1
0 -18.500000 10.000000 2.999999 0.058594 0.333333 -1
0 -18.000000 12.000000 -0.000002 0.058594 0.300000 -1
0 -8.000000 21.500000 2.999997 0.058594 0.141667 -1
0 28.000000 5.500000 3.000000 0.058594 0.408333 -1
0 30.000000 6.000000 -0.000000 0.058594 0.400000 -1
0 30.000000 0.000000 0.000000 0.058594 0.500000 -1
0 28.000000 0.500000 3.000000 0.058594 0.491667 -1
0 0.000000 -27.500000 3.000004 0.058594 0.958333 -1
0 0.000000 -30.000000 0.000004 0.058594 1.000000 -1
0 -28.000000 0.500000 3.000000 0.058594 0.491667 -1
0 -30.000000 0.000000 0.000000 0.058594 0.500000 -1
0 -28.000000 5.500000 3.000000 0.058594 0.408333 -1
0 -30.000000 6.000000 -0.000000 0.058594 0.400000 -1
0 -23.500000 10.000000 2.999999 0.058594 0.333333 -1
0 -24.000000 12.000000 -0.000002 0.058594 0.300000 -1
7
-0.609200 0.609200 0.507700
-0.832100 -0.000000 0.554700
-0.000000 0.832100 0.554700
0.609200 0.609200 0.507700
0.832100 -0.000000 0.554700
0.609200 -0.609200 0.507700
-0.609200 -0.609200 0.507700
30
0 0 1 2 0 0 0 1
0 3 4 5 1 1 1 1
0 6 7 8 2 2 2 1
0 9 6 8 2 2 2 1
0 10 11 7 3 3 3 1
0 7 6 10 3 3 3 1
0 11 10 2 4 4 4 1
0 0 12 1 0 0 0 1
0 13 14 12 2 2 2 1
0 12 0 13 2 2 2 1
0 15 5 16 3 3 3 1
0 3 17 4 1 1 1 1
0 17 9 8 0 0 0 1
0 17 8 4 0 0 0 1
0 18 19 14 3 3 3 1
0 14 13 18 3 3 3 1
0 20 19 18 4 4 4 1
0 18 21 20 4 4 4 1
0 22 23 20 5 5 5 1
0 20 21 22 5 5 5 1
0 22 24 25 6 6 6 1
0 25 23 22 6 6 6 1
0 26 27 25 1 1 1 1
0 25 24 26 1 1 1 1
0 28 29 27 0 0 0 1
0 27 26 28 0 0 0 1
0 15 16 29 2 2 2 1
0 29 28 15 2 2 2 1
0 1 11 2 4 4 4 1
0 3 5 15 3 3 3 1
"outer" 0 1
72
0 1.000000 21.000000 7.499998 0.530090 0.123182 -1
0 1.173177 27.210979 3.999997 0.530090 0.011272 -1
0 -1.173177 27.210979 3.999997 0.530090 0.011272 -1
0 -1.000000 21.000000 7.499998 0.530090 0.123182 -1
0 -7.210979 21.173178 3.999997 0.530090 0.120062 -1
0 -4.000000 18.000000 7.499999 0.530090 0.177236 -1
0 -7.210979 -2.404864 4.000001 0.530090 0.544892 -1
0 -4.000000 -4.500000 7.500000 0.530090 0.582642 -1
0 0.000000 2.000000 7.500000 0.530090 0.465524 -1
0 0.000000 5.500000 7.500000 0.530090 0.402462 -1
0 -4.000000 9.500001 7.500000 0.530090 0.330390 -1
0 -4.000000 6.000000 7.500000 0.530090 0.393452 -1
0 4.000000 9.500001 7.499999 0.530090 0.330390 -1
0 4.000000 18.000000 7.499998 0.530090 0.177236 -1
0 7.210979 21.173178 3.999997 0.530090 0.120062 -1
0 4.000000 6.000000 7.500000 0.530090 0.393452 -1
0 4.000000 -4.500000 7.500000 0.530090 0.582642 -1
0 19.500000 5.000000 7.500000 0.530090 0.411470 -1
0 18.826822 9.210979 3.999999 0.530090 0.335596 -1
0 7.210979 -2.404864 4.000000 0.530090 0.544892 -1
0 8.500000 -6.000000 7.500000 0.530090 0.609668 -1
0 5.500000 -6.000000 7.500000 0.530090 0.609668 -1
0 0.000000 -11.499999 7.500002 0.530090 0.708768 -1
0 -5.500000 -6.000000 7.500000 0.530090 0.609668 -1
0 0.000000 -8.499999 7.500000 0.530090 0.654714 -1
0 -8.500000 -6.000000 7.500000 0.530090 0.609668 -1
0 -18.826822 9.210979 3.999999 0.530090 0.335596 -1
0 -19.500000 5.000000 7.500000 0.530090 0.411470 -1
0 -23.173178 9.210979 3.999999 0.530090 0.335596 -1
0 -22.000000 5.000000 7.500000 0.530090 0.411470 -1
0 -27.210979 5.173177 4.000000 0.530090 0.408350 -1
0 -23.000000 4.000000 7.500000 0.530090 0.429488 -1
0 -23.000000 1.500001 7.500000 0.530090 0.474534 -1
0 -27.210979 0.826823 4.000001 0.530090 0.486662 -1
0 0.000000 -26.384157 4.000004 0.530090 0.976950 -1
0 0.000000 -21.500000 7.500002 0.530090 0.888948 -1
0 27.210979 0.826823 4.000001 0.530090 0.486662 -1
0 23.000000 1.500001 7.500000 0.530090 0.474534 -1
0 27.210979 5.173177 4.000000 0.530090 0.408350 -1
0 23.000000 4.000000 7.500000 0.530090 0.429488 -1
0 23.173178 9.210979 3.999999 0.530090 0.335596 -1
0 22.000000 5.000000 7.500000 0.530090 0.411470 -1
0 1.173177 27.210979 3.999997 0.556906 0.014216 -1
0 -1.500000 28.000000 2.999996 0.556906 0.000000 -1
0 -1.173177 27.210979 3.999997 0.556906 0.014216 -1
0 8.000000 21.500000 2.999997 0.556906 0.117118 -1
0 1.500000 28.000000 2.999996 0.556906 0.000000 -1
0 -18.826822 9.210979 3.999999 0.556906 0.338540 -1
0 -23.500000 10.000000 2.999999 0.556906 0.324324 -1
0 -23.173178 9.210979 3.999999 0.556906 0.338540 -1
0 -27.210979 5.173177 4.000000 0.556906 0.411294 -1
0 27.210979 0.826823 4.000001 0.556906 0.489606 -1
0 28.000000 0.500000 3.000000 0.556906 0.495496 -1
0 27.210979 5.173177 4.000000 0.556906 0.411294 -1
0 23.173178 9.210979 3.999999 0.556906 0.338540 -1
0 23.500000 10.000000 2.999999 0.556906 0.324324 -1
0 7.210979 21.173178 3.999997 0.556906 0.123006 -1
0 8.000000 -0.500000 3.000000 0.556906 0.513514 -1
0 0.000000 -26.384157 4.000004 0.556906 0.979894 -1
0 -28.000000 0.500000 3.000000 0.556906 0.495496 -1
0 0.000000 -27.500000 3.000004 0.556906 1.000000 -1
0 -7.210979 21.173178 3.999997 0.556906 0.123006 -1
0 -8.000000 -0.500000 3.000000 0.556906 0.513514 -1
0 -7.210979 -2.404864 4.000001 0.556906 0.547836 -1
0 -8.000000 21.500000 2.999997 0.556906 0.117118 -1
0 -27.210979 0.826823 4.000001 0.556906 0.489606 -1
0 18.826822 9.210979 3.999999 0.556906 0.338540 -1
0 -18.500000 10.000000 2.999999 0.556906 0.324324 -1
0 7.210979 -2.404864 4.000000 0.556906 0.547836 -1
0 28.000000 5.500000 3.000000 0.556906 0.405406 -1
0 -28.000000 5.500000 3.000000 0.556906 0.405406 -1
0 18.500000 10.000000 2.999999 0.556906 0.324324 -1
47
0.258100 0.468800 0.844700
0.166500 0.480600 0.861000
-0.166500 0.480600 0.861000
-0.258000 0.468800 0.844700
-0.570400 0.276100 0.773600
-0.631800 0.189600 0.751600
-0.186800 0.409700 0.892900
-0.405900 0.180800 0.895900
-0.000000 -0.000000 1.000000
-0.622700 -0.000000 0.782500
-0.459100 -0.000000 0.888400
0.622700 -0.000000 0.782500
0.631800 0.189600 0.751600
0.570400 0.276100 0.773600
0.459100 -0.000000 0.888400
0.405900 0.180800 0.895900
-0.285100 0.585300 0.759000
-0.225000 0.601300 0.766700
0.186800 0.409700 0.892900
-0.254400 0.626300 0.737000
0.167500 0.396000 0.902900
-0.167500 0.396000 0.902900
0.254400 0.626300 0.737000
0.225000 0.601300 0.766700
0.285100 0.585300 0.759000
-0.229500 0.583500 0.779000
-0.259400 0.573600 0.777000
-0.583500 0.229500 0.779000
-0.573600 0.259400 0.777000
-0.585300 -0.285100 0.759000
-0.601300 -0.225000 0.766700
-0.000000 -0.582500 0.812800
0.601300 -0.225000 0.766700
0.585300 -0.285100 0.759000
0.583500 0.229500 0.779000
0.573600 0.259400 0.777000
0.229500 0.583500 0.779000
0.259400 0.573600 0.777000
0.291000 0.702500 0.649400
-0.291000 0.702500 0.649400
0.702500 0.291000 0.649400
-0.702500 0.291000 0.649400
0.702500 -0.291000 0.649400
0.167000 0.403200 0.899800
-0.000000 -0.667400 0.744700
-0.702500 -0.291000 0.649400
-0.167000 0.403200 0.899800
76
0 0 1 2 0 1 2 1
0 2 3 0 2 3 0 1
0 4 5 2 4 5 2 1
0 6 7 4 6 7 4 1
0 8 9 10 8 8 9 1
0 10 11 8 9 10 8 1
0 9 8 12 8 8 11 1
0 13 14 1 12 13 1 1
0 13 1 0 12 1 0 1
0 14 13 12 13 12 11 1
0 14 12 15 13 11 14 1
0 14 15 16 13 14 15 1
0 17 18 19 16 17 18 1
0 20 17 19 19 16 18 1
0 21 20 19 20 19 18 1
0 16 21 19 15 20 18 1
0 21 16 22 20 15 8 1
0 7 23 22 7 21 8 1
0 7 22 24 7 8 8 1
0 6 23 7 6 21 7 1
0 6 25 23 6 22 21 1
0 26 27 25 23 24 22 1
0 25 6 26 22 6 23 1
0 26 28 27 23 25 24 1
0 28 29 27 25 26 24 1
0 30 31 29 27 28 26 1
0 29 28 30 26 25 27 1
0 30 32 31 27 29 28 1
0 30 33 32 27 30 29 1
0 34 35 32 31 31 29 1
0 32 33 34 29 30 31 1
0 34 36 37 31 32 33 1
0 34 37 35 31 33 31 1
0 36 38 37 32 34 33 1
0 38 39 37 34 35 33 1
0 40 41 39 36 37 35 1
0 40 39 38 36 35 34 1
0 17 41 40 16 37 36 1
0 17 40 18 16 36 17 1
0 16 24 22 15 8 8 1
0 14 16 19 13 15 18 1
0 5 3 2 5 3 2 1
0 4 7 11 4 7 10 1
0 4 11 10 4 10 9 1
0 4 10 5 4 9 5 1
0 42 43 44 38 39 39 1
0 42 45 46 38 40 38 1
0 47 48 49 38 39 39 1
0 49 48 50 39 39 41 1
0 51 52 53 42 42 40 1
0 54 53 55 38 40 38 1
0 56 57 45 40 43 40 1
0 58 59 60 44 45 44 1
0 61 62 63 41 46 46 1
0 61 44 64 41 39 41 1
0 50 59 65 41 45 45 1
0 58 52 51 44 42 42 1
0 54 55 66 38 38 39 1
0 47 62 67 38 46 38 1
0 66 57 68 39 43 43 1
0 8 15 12 8 14 11 1
0 42 46 43 38 38 39 1
0 42 56 45 38 40 40 1
0 47 67 48 38 38 39 1
0 52 69 53 42 40 40 1
0 48 70 50 39 41 41 1
0 56 68 57 40 43 43 1
0 58 65 59 44 45 45 1
0 61 64 62 41 41 46 1
0 55 71 66 38 39 39 1
0 50 70 59 41 41 45 1
0 58 60 52 44 44 42 1
0 53 69 55 40 40 38 1
0 47 63 62 38 46 46 1
0 66 71 57 39 39 43 1
0 44 43 64 39 39 41 1
"inner" 0 1
27
0 0.000000 -8.499999 7.500000 0.505801 0.651801 -1
0 4.000000 -4.500000 7.500000 0.505801 0.586936 -1
0 4.000000 6.000000 7.500000 0.505801 0.416667 -1
0 1.000000 21.000000 7.499998 0.505801 0.173424 -1
0 -1.000000 21.000000 7.499998 0.505801 0.173424 -1
0 -4.000000 18.000000 7.499999 0.505801 0.222073 -1
0 4.000000 18.000000 7.499998 0.505801 0.222073 -1
0 -4.000000 9.500001 7.500000 0.505801 0.359910 -1
0 4.000000 9.500001 7.499999 0.505801 0.359910 -1
0 0.000000 5.500000 7.500000 0.505801 0.424774 -1
0 0.000000 2.000000 7.500000 0.505801 0.481532 -1
0 -4.000000 6.000000 7.500000 0.505801 0.416667 -1
0 -4.000000 -4.500000 7.500000 0.505801 0.586936 -1
0 0.000000 -21.500000 7.500002 0.505801 0.862612 -1
0 8.500000 -6.000000 7.500000 0.505801 0.611262 -1
0 0.000000 -11.499999 7.500002 0.505801 0.700450 -1
0 -8.500000 -6.000000 7.500000 0.505801 0.611262 -1
0 23.000000 4.000000 7.500000 0.505801 0.449100 -1
0 22.000000 5.000000 7.500000 0.505801 0.432883 -1
0 19.500000 5.000000 7.500000 0.505801 0.432883 -1
0 23.000000 1.500001 7.500000 0.505801 0.489639 -1
0 -19.500000 5.000000 7.500000 0.505801 0.432883 -1
0 -22.000000 5.000000 7.500000 0.505801 0.432883 -1
0 -23.000000 4.000000 7.500000 0.505801 0.449100 -1
0 -23.000000 1.500001 7.500000 0.505801 0.489639 -1
0 5.500000 -6.000000 7.500000 0.505801 0.611262 -1
0 -5.500000 -6.000000 7.500000 0.505801 0.611262 -1
1
-0.000000 -0.000000 1.000000
21
0 0 1 2 0 0 0 1
0 3 4 5 0 0 0 1
0 5 6 3 0 0 0 1
0 7 8 6 0 0 0 1
0 7 6 5 0 0 0 1
0 7 9 8 0 0 0 1
0 10 0 2 0 0 0 1
0 0 10 11 0 0 0 1
0 11 12 0 0 0 0 1
0 13 14 15 0 0 0 1
0 13 15 16 0 0 0 1
0 17 18 19 0 0 0 1
0 19 20 17 0 0 0 1
0 21 22 23 0 0 0 1
0 21 23 24 0 0 0 1
0 13 16 21 0 0 0 1
0 21 24 13 0 0 0 1
0 19 14 13 0 0 0 1
0 13 20 19 0 0 0 1
0 15 14 25 0 0 0 1
0 15 26 16 0 0 0 1

Materials: 2
"frame"
0.000000 0.000000 0.000000 1.000000
1.000000 1.000000 1.000000 1.000000
1.000000 1.000000 1.000000 1.000000
0.000000 0.000000 0.000000 1.000000
0.000000
1.000000
"textures/Frame 4th ani texture.ini"
""
"parts"
0.000000 0.000000 0.000000 1.000000
1.000000 1.000000 1.000000 1.000000
1.000000 1.000000 1.000000 1.000000
0.000000 0.000000 0.000000 1.000000
0.000000
1.000000
"textures/Tap Note 4th ani texture.ini"
""
