// MilkShape 3D ASCII

Frames: 30
Frame: 1

Meshes: 3
"frame" 0 0
30
0 -1.177767 27.975224 2.249998 0.054719 0.270833 -1
0 1.177787 27.975224 2.249997 0.054719 0.270833 -1
0 2.000000 30.000000 -0.000002 0.054719 0.250000 -1
0 -30.000000 0.000000 0.000000 0.054719 0.500000 -1
0 0.000000 -30.000000 0.000002 0.054719 0.750000 -1
0 0.000010 -27.585140 2.250002 0.054719 0.722917 -1
0 19.202902 9.617259 2.249999 0.054719 0.420208 -1
0 10.000000 4.000000 -0.000000 0.054719 0.466667 -1
0 7.783582 -1.776456 2.250000 0.054719 0.512917 -1
0 30.000000 0.000000 0.000000 0.054719 0.500000 -1
0 28.164249 0.630307 2.250000 0.054719 0.493333 -1
0 -24.000000 12.000000 -0.000001 0.054719 0.400000 -1
0 -19.202881 9.617259 2.249999 0.054719 0.420208 -1
0 -18.000000 12.000000 -0.000001 0.054719 0.400000 -1
0 -10.000000 4.000000 -0.000000 0.054719 0.466667 -1
0 24.000000 12.000000 -0.000001 0.054719 0.400000 -1
0 18.000000 12.000000 -0.000001 0.054719 0.400000 -1
0 7.777202 21.401653 2.249998 0.054719 0.324583 -1
0 -2.000000 30.000000 -0.000002 0.054719 0.250000 -1
0 -7.783562 21.369427 2.249998 0.054719 0.324583 -1
0 -7.783562 -1.776456 2.250000 0.054719 0.512917 -1
0 -28.164230 5.034169 2.249999 0.054719 0.457500 -1
0 -30.000000 6.000000 -0.000000 0.054719 0.450000 -1
0 23.606764 9.617259 2.249999 0.054719 0.420208 -1
0 28.164249 5.034169 2.249999 0.054719 0.457500 -1
0 30.000000 6.000000 -0.000000 0.054719 0.450000 -1
0 -23.606743 9.617259 2.249999 0.054719 0.420208 -1
0 10.000000 22.000000 -0.000002 0.054719 0.316667 -1
0 -28.164230 0.630307 2.250000 0.054719 0.493333 -1
0 -10.000000 22.000000 -0.000002 0.054719 0.316667 -1
30
-0.275600 0.662300 0.696700
0.274800 0.662600 0.696700
0.273600 0.663500 0.696400
-0.702600 -0.284100 0.652500
-0.000000 -0.681700 0.731600
-0.000000 -0.681400 0.731900
-0.235800 0.601800 0.763000
0.162600 0.303200 0.939000
0.128300 0.316800 0.939800
0.702600 -0.284100 0.652400
0.696800 -0.298700 0.652200
-0.242800 0.644500 0.725000
0.235800 0.601800 0.763000
0.253500 0.593400 0.763900
-0.162800 0.303100 0.938900
0.242800 0.644500 0.725000
-0.253500 0.593400 0.763900
0.641300 0.288900 0.710900
-0.273900 0.663000 0.696700
-0.641300 0.286200 0.711900
-0.128400 0.316800 0.939800
-0.687200 0.267400 0.675500
-0.677500 0.289700 0.676100
0.301500 0.627400 0.718000
0.687200 0.267400 0.675500
0.677500 0.289700 0.676100
-0.301500 0.627400 0.718000
0.652600 0.256600 0.712900
-0.696700 -0.298700 0.652200
-0.651300 0.257600 0.713800
30
0 0 1 2 0 1 2 1
0 3 4 5 3 4 5 1
0 6 7 8 6 7 8 1
0 9 10 5 9 10 5 1
0 11 12 13 11 12 13 1
0 14 13 12 14 13 12 1
0 6 15 16 6 15 16 1
0 2 1 17 2 1 17 1
0 18 19 0 18 19 0 1
0 19 14 20 19 14 20 1
0 3 21 22 3 21 22 1
0 23 24 25 23 24 25 1
0 22 26 11 22 26 11 1
0 24 9 25 24 9 25 1
0 7 27 17 7 27 17 1
0 24 10 9 24 10 9 1
0 7 17 8 7 17 8 1
0 22 21 26 22 21 26 1
0 23 25 15 23 25 15 1
0 3 28 21 3 28 21 1
0 19 29 14 19 29 14 1
0 18 29 19 18 29 19 1
0 2 17 27 2 17 27 1
0 6 23 15 6 23 15 1
0 11 26 12 11 26 12 1
0 14 12 20 14 12 20 1
0 9 5 4 9 5 4 1
0 6 16 7 6 16 7 1
0 3 5 28 3 5 28 1
0 0 2 18 0 2 18 1
"outer" 0 1
114
0 0.850000 21.049999 7.499998 0.533518 0.327708 -1
0 -0.300000 25.000000 4.499997 0.533518 0.294792 -1
0 -0.850000 21.049999 7.499998 0.533518 0.327708 -1
0 5.187541 20.162930 4.499998 0.533518 0.335101 -1
0 0.300000 25.000000 4.499997 0.533518 0.294792 -1
0 -19.500000 5.200000 7.500000 0.533518 0.459792 -1
0 -22.100000 7.150000 4.499999 0.533518 0.443542 -1
0 -21.500000 5.200000 7.500000 0.533518 0.459792 -1
0 -23.000000 3.600000 7.500000 0.533518 0.473125 -1
0 23.000000 1.500000 7.500001 0.533518 0.490625 -1
0 25.000000 1.600000 4.500000 0.533518 0.489792 -1
0 23.000000 3.600000 7.500000 0.533518 0.473125 -1
0 21.500000 5.200000 7.500000 0.533518 0.459792 -1
0 22.100000 7.150000 4.499999 0.533518 0.443542 -1
0 4.000000 18.000000 7.499999 0.533518 0.353125 -1
0 5.200000 -7.100000 4.500000 0.533518 0.562292 -1
0 0.000000 -21.500000 7.500003 0.533518 0.682292 -1
0 -25.000000 1.600000 4.500000 0.533518 0.489792 -1
0 0.000000 -23.500000 4.500002 0.533518 0.698958 -1
0 -4.000000 18.000000 7.499999 0.533518 0.353125 -1
0 -5.200000 -7.100000 4.499999 0.533518 0.562292 -1
0 -4.000000 -6.900000 7.500000 0.533518 0.560625 -1
0 -4.000000 4.900000 7.500000 0.533518 0.462292 -1
0 -4.000000 8.300000 7.500000 0.533518 0.433958 -1
0 -5.200000 20.100000 4.499998 0.533518 0.335625 -1
0 -23.000000 1.500000 7.500001 0.533518 0.490625 -1
0 19.500000 5.200000 7.500000 0.533518 0.459792 -1
0 -19.500000 7.150000 4.499999 0.533518 0.443542 -1
0 0.000000 -14.200000 7.500000 0.533518 0.621458 -1
0 25.000000 4.200000 4.499999 0.533518 0.468125 -1
0 -25.000000 4.200000 4.499999 0.533518 0.468125 -1
0 4.000000 8.300000 7.499999 0.533518 0.433958 -1
0 4.000000 4.900000 7.499999 0.533518 0.462292 -1
0 4.000000 -6.900000 7.500000 0.533518 0.560625 -1
0 19.500000 7.150000 4.499999 0.533518 0.443542 -1
0 0.000000 0.900000 7.499999 0.533518 0.495625 -1
0 0.000000 4.462339 7.499999 0.533518 0.465939 -1
0 0.000000 -10.800000 7.500000 0.533518 0.593125 -1
0 -3.000000 17.576307 6.499999 0.505859 0.356656 -1
0 -0.445203 20.049999 6.499999 0.505859 0.336042 -1
0 -0.850000 21.049999 7.499998 0.505859 0.327708 -1
0 -4.000000 18.000000 7.499999 0.505859 0.353125 -1
0 -0.000000 5.848152 6.499999 0.505859 0.454390 -1
0 -3.000000 8.726398 6.500000 0.505859 0.430405 -1
0 -4.000000 8.300000 7.500000 0.505859 0.433958 -1
0 0.000000 4.462339 7.499999 0.505859 0.465939 -1
0 3.000000 8.726398 6.499999 0.505859 0.430405 -1
0 4.000000 8.300000 7.499999 0.505859 0.433958 -1
0 3.000000 17.576307 6.499999 0.505859 0.356656 -1
0 4.000000 18.000000 7.499999 0.505859 0.353125 -1
0 0.445203 20.049999 6.499999 0.505859 0.336042 -1
0 0.850000 21.049999 7.499998 0.505859 0.327708 -1
0 3.000000 -6.478353 6.500000 0.505859 0.557111 -1
0 0.000000 -9.403353 6.500000 0.505859 0.581486 -1
0 0.000000 -10.800000 7.500000 0.505859 0.593125 -1
0 4.000000 -6.900000 7.500000 0.505859 0.560625 -1
0 -0.000000 -0.514214 6.500000 0.505859 0.507410 -1
0 3.000000 2.485787 6.500000 0.505859 0.482410 -1
0 4.000000 4.900000 7.499999 0.505859 0.462292 -1
0 0.000000 0.900000 7.499999 0.505859 0.495625 -1
0 -3.000000 -6.478353 6.500000 0.505859 0.557111 -1
0 -4.000000 -6.900000 7.500000 0.505859 0.560625 -1
0 -3.000000 2.485787 6.500001 0.505859 0.482410 -1
0 -4.000000 4.900000 7.500000 0.505859 0.462292 -1
0 -21.066769 4.200000 6.500000 0.505859 0.468125 -1
0 -19.912708 4.200000 6.500000 0.505859 0.468125 -1
0 -19.500000 5.200000 7.500000 0.505859 0.459792 -1
0 -21.500000 5.200000 7.500000 0.505859 0.459792 -1
0 22.000000 3.204552 6.500000 0.505859 0.476420 -1
0 22.000000 1.914213 6.500001 0.505859 0.487173 -1
0 23.000000 1.500000 7.500001 0.505859 0.490625 -1
0 23.000000 3.600000 7.500000 0.505859 0.473125 -1
0 21.066769 4.200000 6.500000 0.505859 0.468125 -1
0 21.500000 5.200000 7.500000 0.505859 0.459792 -1
0 -22.000000 3.204552 6.500000 0.505859 0.476420 -1
0 -23.000000 3.600000 7.500000 0.505859 0.473125 -1
0 -22.000000 1.914213 6.500001 0.505859 0.487173 -1
0 -23.000000 1.500000 7.500001 0.505859 0.490625 -1
0 0.000000 -20.085787 6.500003 0.505859 0.670507 -1
0 0.000000 -21.500000 7.500003 0.505859 0.682292 -1
0 0.000000 -15.610592 6.500001 0.505859 0.633213 -1
0 19.912708 4.200000 6.500000 0.505859 0.468125 -1
0 19.500000 5.200000 7.500000 0.505859 0.459792 -1
0 0.000000 -14.200000 7.500000 0.505859 0.621458 -1
0 19.202902 9.617259 2.249999 0.556719 0.420208 -1
0 22.100000 7.150000 4.499999 0.556719 0.440417 -1
0 23.606764 9.617259 2.249999 0.556719 0.420208 -1
0 -7.783562 21.369427 2.249998 0.556719 0.324583 -1
0 -0.300000 25.000000 4.499997 0.556719 0.291667 -1
0 -1.177767 27.975224 2.249998 0.556719 0.270833 -1
0 7.783582 -1.776456 2.250000 0.556719 0.512917 -1
0 5.187541 20.162930 4.499998 0.556719 0.332500 -1
0 5.200000 -7.100000 4.500000 0.556719 0.559167 -1
0 0.300000 25.000000 4.499997 0.556719 0.291667 -1
0 25.000000 4.200000 4.499999 0.556719 0.465000 -1
0 28.164249 5.034169 2.249999 0.556719 0.457500 -1
0 7.777202 21.401653 2.249998 0.556719 0.324583 -1
0 1.177787 27.975224 2.249997 0.556719 0.270833 -1
0 19.500000 7.150000 4.499999 0.556719 0.440417 -1
0 28.164249 0.630307 2.250000 0.556719 0.493333 -1
0 0.000000 -23.500000 4.500002 0.556719 0.695833 -1
0 0.000010 -27.585140 2.250002 0.556719 0.722917 -1
0 -28.164230 0.630307 2.250000 0.556719 0.493333 -1
0 -25.000000 1.600000 4.500000 0.556719 0.486667 -1
0 -28.164230 5.034169 2.249999 0.556719 0.457500 -1
0 -5.200000 20.100000 4.499998 0.556719 0.332500 -1
0 -7.783562 -1.776456 2.250000 0.556719 0.512917 -1
0 -5.200000 -7.100000 4.499999 0.556719 0.559167 -1
0 -25.000000 4.200000 4.499999 0.556719 0.465000 -1
0 -23.606743 9.617259 2.249999 0.556719 0.420208 -1
0 -22.100000 7.150000 4.499999 0.556719 0.440417 -1
0 -19.202881 9.617259 2.249999 0.556719 0.420208 -1
0 25.000000 1.600000 4.500000 0.556719 0.486667 -1
0 -19.500000 7.150000 4.499999 0.556719 0.440417 -1
91
0.133100 0.126700 0.983000
-0.197100 0.610200 0.767300
-0.135300 0.127000 0.982600
0.729500 0.381500 0.567700
0.195900 0.610300 0.767600
0.167300 0.277800 0.946000
-0.313100 0.764000 0.564100
-0.131300 0.266900 0.954700
-0.252500 0.117300 0.960500
0.276100 -0.174600 0.945100
0.801300 -0.286300 0.525400
0.252500 0.117300 0.960500
0.131300 0.266900 0.954700
0.313100 0.764000 0.564100
0.335400 0.037900 0.941300
0.203000 0.515400 0.832500
-0.000000 -0.459500 0.888200
-0.801300 -0.286300 0.525400
-0.000000 -0.832100 0.554700
-0.334300 0.040900 0.941600
-0.202900 0.515300 0.832600
-0.380200 -0.031200 0.924400
-0.548400 -0.051800 0.834600
-0.340200 0.159800 0.926700
-0.733100 0.379300 0.564500
-0.276100 -0.174600 0.945100
-0.167300 0.277800 0.946000
0.291600 0.802000 0.521300
-0.000000 -0.402000 0.915700
0.763900 0.302700 0.569800
-0.763900 0.302700 0.569800
0.340200 0.159800 0.926700
0.548400 -0.051800 0.834600
0.380200 -0.031200 0.924400
-0.291600 0.802000 0.521300
-0.000000 -0.424500 0.905400
-0.000000 0.162300 0.986700
-0.000000 0.159700 0.987200
0.623700 -0.264300 0.735700
0.255100 -0.630100 0.733400
-0.000000 0.585200 0.810900
0.622800 0.265500 0.736000
-0.622800 0.265500 0.736000
-0.623700 -0.264300 0.735700
-0.255100 -0.630100 0.733400
-0.624400 0.263300 0.735400
-0.000000 0.582200 0.813100
-0.000000 -0.577300 0.816500
-0.136800 -0.330200 0.933900
0.624400 0.263300 0.735400
0.136800 -0.330200 0.933900
0.268800 -0.620400 0.736800
-0.259000 -0.627500 0.734300
-0.633300 -0.250400 0.732300
-0.626900 0.259700 0.734500
-0.268800 -0.620400 0.736800
0.633300 -0.250400 0.732300
0.626900 0.259700 0.734500
-0.000000 0.577400 0.816500
-0.000000 -0.578300 0.815800
0.259000 -0.627500 0.734300
-0.235700 0.639200 0.732000
0.216500 0.582400 0.783600
0.250600 0.563300 0.787300
-0.567200 0.241300 0.787400
-0.242000 0.538800 0.806900
-0.216400 0.547500 0.808400
0.068600 0.359900 0.930500
0.573200 0.230100 0.786400
0.142200 0.326000 0.934600
0.241200 0.539600 0.806600
0.521300 0.237900 0.819500
0.530400 0.206100 0.822300
0.567400 0.241600 0.787200
0.216000 0.547600 0.808400
-0.306300 0.621100 0.721400
0.524100 -0.207500 0.826000
-0.000000 -0.482200 0.876100
-0.000000 -0.482400 0.875900
-0.524100 -0.207500 0.826000
-0.516300 -0.229700 0.825000
-0.530400 0.206100 0.822300
-0.574100 0.226300 0.786900
-0.068900 0.359800 0.930500
-0.142300 0.326000 0.934600
-0.521300 0.237900 0.819500
-0.250600 0.563300 0.787300
-0.216500 0.582400 0.783600
0.235700 0.639200 0.732000
0.516300 -0.229700 0.825000
0.306300 0.621100 0.721400
118
0 0 1 2 0 1 2 1
0 0 3 4 0 3 4 1
0 5 6 7 5 6 7 1
0 7 6 8 7 6 8 1
0 9 10 11 9 10 11 1
0 12 11 13 12 11 13 1
0 14 15 3 14 15 3 1
0 16 17 18 16 17 18 1
0 19 20 21 19 20 21 1
0 19 21 22 19 21 22 1
0 19 22 23 19 22 23 1
0 19 2 24 19 2 24 1
0 8 17 25 8 17 25 1
0 16 10 9 16 10 9 1
0 12 13 26 12 13 26 1
0 5 20 27 5 20 27 1
0 26 15 28 26 15 28 1
0 0 4 1 0 4 1 1
0 0 14 3 0 14 3 1
0 5 27 6 5 27 6 1
0 10 29 11 10 29 11 1
0 6 30 8 6 30 8 1
0 14 31 32 14 31 32 1
0 14 32 33 14 32 33 1
0 14 33 15 14 33 15 1
0 16 25 17 16 25 17 1
0 19 24 20 19 24 20 1
0 13 34 26 13 34 26 1
0 8 30 17 8 30 17 1
0 16 18 10 16 18 10 1
0 11 29 13 11 29 13 1
0 5 28 20 5 28 20 1
0 26 34 15 26 34 15 1
0 2 1 24 2 1 24 1
0 21 20 28 21 20 28 1
0 15 33 28 15 33 28 1
0 23 22 35 23 22 35 1
0 32 31 35 32 31 35 1
0 35 36 23 35 36 23 1
0 35 31 36 35 31 36 1
0 28 37 21 28 37 21 1
0 28 33 37 28 33 37 1
0 38 39 40 38 39 2 1
0 38 40 41 38 2 19 1
0 42 43 44 40 41 23 1
0 42 44 45 40 23 36 1
0 46 42 45 42 40 36 1
0 46 45 47 42 36 31 1
0 48 46 47 43 42 31 1
0 48 47 49 43 31 14 1
0 43 38 41 41 38 19 1
0 43 41 44 41 19 23 1
0 50 48 49 44 43 14 1
0 50 49 51 44 14 0 1
0 39 50 51 39 44 0 1
0 39 51 40 39 0 2 1
0 52 53 54 45 46 37 1
0 52 54 55 45 37 33 1
0 56 57 58 47 48 32 1
0 56 58 59 47 32 35 1
0 53 60 61 46 49 21 1
0 53 61 54 46 21 37 1
0 57 52 55 48 45 33 1
0 57 55 58 48 33 32 1
0 60 62 63 49 50 22 1
0 60 63 61 49 22 21 1
0 62 56 59 50 47 35 1
0 62 59 63 50 35 22 1
0 64 65 66 51 52 5 1
0 64 66 67 51 5 7 1
0 68 69 70 53 54 9 1
0 68 70 71 53 9 11 1
0 72 68 71 55 53 11 1
0 72 71 73 55 11 12 1
0 74 64 67 56 51 7 1
0 74 67 75 56 7 8 1
0 76 74 75 57 56 8 1
0 76 75 77 57 8 25 1
0 78 76 77 58 57 25 1
0 78 77 79 58 25 16 1
0 69 78 79 54 58 16 1
0 69 79 70 54 16 9 1
0 80 81 82 59 60 26 1
0 80 82 83 59 26 28 1
0 81 72 73 60 55 12 1
0 81 73 82 60 12 26 1
0 65 80 83 52 59 28 1
0 65 83 66 52 28 5 1
0 84 85 86 61 62 63 1
0 87 88 89 64 65 66 1
0 90 91 92 67 68 69 1
0 93 89 88 70 66 65 1
0 86 94 95 63 71 72 1
0 93 96 97 70 73 74 1
0 98 90 92 75 67 69 1
0 99 100 101 76 77 78 1
0 102 100 103 79 77 80 1
0 103 104 102 80 81 79 1
0 105 106 107 82 83 84 1
0 108 109 104 85 86 81 1
0 110 111 109 87 88 86 1
0 112 95 94 89 72 71 1
0 106 113 107 83 90 84 1
0 84 98 85 61 75 62 1
0 87 105 88 64 82 65 1
0 90 96 91 67 73 68 1
0 93 97 89 70 74 66 1
0 86 85 94 63 62 71 1
0 93 91 96 70 68 73 1
0 98 84 90 75 61 67 1
0 99 112 100 76 89 77 1
0 102 101 100 79 78 77 1
0 103 108 104 80 85 81 1
0 105 87 106 82 64 83 1
0 108 110 109 85 87 86 1
0 110 113 111 87 90 88 1
0 112 99 95 89 76 72 1
0 106 111 113 83 88 90 1
"inner" 0 2
23
0 0.000000 -10.800000 7.500000 0.505859 0.593125 -1
0 4.000000 -6.900000 7.500000 0.505859 0.560625 -1
0 4.000000 4.900000 7.499999 0.505859 0.462292 -1
0 0.850000 21.049999 7.499998 0.505859 0.327708 -1
0 -0.850000 21.049999 7.499998 0.505859 0.327708 -1
0 -4.000000 18.000000 7.499999 0.505859 0.353125 -1
0 4.000000 18.000000 7.499999 0.505859 0.353125 -1
0 -4.000000 8.300000 7.500000 0.505859 0.433958 -1
0 4.000000 8.300000 7.499999 0.505859 0.433958 -1
0 0.000000 4.462339 7.499999 0.505859 0.465939 -1
0 0.000000 0.900000 7.499999 0.505859 0.495625 -1
0 -4.000000 4.900000 7.500000 0.505859 0.462292 -1
0 -4.000000 -6.900000 7.500000 0.505859 0.560625 -1
0 23.000000 3.600000 7.500000 0.505859 0.473125 -1
0 21.500000 5.200000 7.500000 0.505859 0.459792 -1
0 19.500000 5.200000 7.500000 0.505859 0.459792 -1
0 23.000000 1.500000 7.500001 0.505859 0.490625 -1
0 -19.500000 5.200000 7.500000 0.505859 0.459792 -1
0 -21.500000 5.200000 7.500000 0.505859 0.459792 -1
0 -23.000000 3.600000 7.500000 0.505859 0.473125 -1
0 -23.000000 1.500000 7.500001 0.505859 0.490625 -1
0 0.000000 -21.500000 7.500003 0.505859 0.682292 -1
0 0.000000 -14.200000 7.500000 0.505859 0.621458 -1
1
-0.000000 -0.000000 1.000000
17
0 0 1 2 0 0 0 1
0 3 4 5 0 0 0 1
0 5 6 3 0 0 0 1
0 7 8 6 0 0 0 1
0 7 6 5 0 0 0 1
0 7 9 8 0 0 0 1
0 10 0 2 0 0 0 1
0 0 10 11 0 0 0 1
0 11 12 0 0 0 0 1
0 13 14 15 0 0 0 1
0 15 16 13 0 0 0 1
0 17 18 19 0 0 0 1
0 17 19 20 0 0 0 1
0 21 22 17 0 0 0 1
0 17 20 21 0 0 0 1
0 15 22 21 0 0 0 1
0 21 16 15 0 0 0 1

Materials: 3
"frame"
0.000000 0.000000 0.000000 1.000000
1.000000 1.000000 1.000000 1.000000
1.000000 1.000000 1.000000 1.000000
0.000000 0.000000 0.000000 1.000000
0.000000
1.000000
"textures/Frame 4th ani texture.ini"
""
"parts"
0.000000 0.000000 0.000000 1.000000
1.000000 1.000000 1.000000 1.000000
1.000000 1.000000 1.000000 1.000000
0.000000 0.000000 0.000000 1.000000
0.000000
1.000000
"textures/Tap Note 4th ani texture.ini"
""
"center"
0.000000 0.000000 0.000000 1.000000
1.000000 1.000000 1.000000 1.000000
1.000000 1.000000 1.000000 1.000000
0.000000 0.000000 0.000000 1.000000
0.000000
1.000000
"textures/Tap Center 4th ani texture.ini"
""
