// MilkShape 3D ASCII

Frames: 30
Frame: 1

Meshes: 4
"glow" 0 0
47
0 2.000003 -30.000000 0.000000 0.009527 0.041178 -1
0 2.762589 -33.431705 0.000000 0.800000 0.041178 -1
0 13.812932 -25.120693 0.000000 0.800000 0.102167 -1
0 10.000002 -22.000000 0.000000 0.010546 0.102167 -1
0 2.000003 -30.000000 0.000000 0.010000 0.013846 -1
0 -1.999997 -30.000000 0.000000 0.009527 0.041178 -1
0 -2.762583 -33.431705 0.000000 0.800000 0.041178 -1
0 2.762589 -33.431705 0.000000 0.800000 0.013846 -1
0 -1.999997 -30.000000 0.000000 0.010546 0.041178 -1
0 -9.999998 -22.000000 0.000000 0.009527 0.102167 -1
0 -13.812928 -25.120693 0.000000 0.800000 0.102167 -1
0 -10.000000 -4.000001 0.000000 0.009527 0.192232 -1
0 -14.062567 -12.922796 0.000000 0.800000 0.193324 -1
0 -9.999998 -22.000000 0.000000 0.010546 0.102167 -1
0 -10.000000 -4.000001 0.000000 0.010546 0.194088 -1
0 -18.000000 -12.000002 0.000000 0.009527 0.237836 -1
0 -17.111015 -17.898811 0.000000 0.800000 0.237836 -1
0 -14.062567 -12.922796 0.000000 0.800000 0.194088 -1
0 -18.000000 -12.000002 0.000000 0.010546 0.237836 -1
0 -24.000000 -12.000002 0.000000 0.009527 0.272833 -1
0 -25.233170 -17.898815 0.000000 0.800000 0.272833 -1
0 -24.000000 -12.000002 0.000000 0.010546 0.272833 -1
0 -30.000000 -6.000003 0.000000 0.009527 0.347887 -1
0 -33.252007 -10.375093 0.000000 0.800000 0.347887 -1
0 -30.000000 -0.000003 0.000000 0.009527 0.417473 -1
0 -33.252007 3.757128 0.000000 0.800000 0.417473 -1
0 -30.000000 -6.000003 0.000000 0.010546 0.347887 -1
0 -30.000000 -0.000003 0.000000 0.010546 0.417473 -1
0 -0.000003 30.000000 0.000000 0.009527 0.530452 -1
0 -0.000003 36.885208 0.000000 0.800000 0.530452 -1
0 30.000000 0.000003 0.000000 0.009527 0.418565 -1
0 33.252007 3.757134 0.000000 0.800000 0.417473 -1
0 -0.000003 30.000000 0.000000 0.010546 0.530452 -1
0 30.000000 0.000003 0.000000 0.010546 0.417473 -1
0 30.000000 -5.999997 0.000000 0.009527 0.347887 -1
0 33.252007 -10.375086 0.000000 0.800000 0.347887 -1
0 24.000000 -11.999998 0.000000 0.010546 0.272833 -1
0 18.000000 -11.999998 0.000000 0.009527 0.237836 -1
0 17.111015 -17.898811 0.000000 0.800000 0.237836 -1
0 25.233170 -17.898808 0.000000 0.800000 0.272833 -1
0 30.000000 -5.999997 0.000000 0.010546 0.347887 -1
0 24.000000 -11.999998 0.000000 0.009527 0.272833 -1
0 10.000000 -3.999999 0.000000 0.009527 0.194088 -1
0 14.062571 -12.922792 0.000000 0.800000 0.194088 -1
0 18.000000 -11.999998 0.000000 0.010546 0.237836 -1
0 10.000000 -3.999999 0.000000 0.010546 0.194088 -1
0 10.000002 -22.000000 0.000000 0.009527 0.102167 -1
1
0.000000 0.000000 1.000000
30
0 0 1 2 0 0 0 1
0 0 2 3 0 0 0 1
0 4 5 6 0 0 0 1
0 4 6 7 0 0 0 1
0 8 9 10 0 0 0 1
0 8 10 6 0 0 0 1
0 11 12 10 0 0 0 1
0 11 10 13 0 0 0 1
0 14 15 16 0 0 0 1
0 14 16 17 0 0 0 1
0 18 19 20 0 0 0 1
0 18 20 16 0 0 0 1
0 21 22 23 0 0 0 1
0 21 23 20 0 0 0 1
0 24 25 23 0 0 0 1
0 24 23 26 0 0 0 1
0 27 28 29 0 0 0 1
0 27 29 25 0 0 0 1
0 30 31 29 0 0 0 1
0 30 29 32 0 0 0 1
0 33 34 35 0 0 0 1
0 33 35 31 0 0 0 1
0 36 37 38 0 0 0 1
0 36 38 39 0 0 0 1
0 40 41 39 0 0 0 1
0 40 39 35 0 0 0 1
0 42 43 38 0 0 0 1
0 42 38 44 0 0 0 1
0 45 46 2 0 0 0 1
0 45 2 43 0 0 0 1
"inner" 0 0
27
0 -0.000001 8.499999 6.000000 0.681649 0.800625 -1
0 -4.000000 4.500000 6.000000 0.592683 0.800625 -1
0 -4.000000 -6.000000 6.000000 0.359147 0.800625 -1
0 -0.999998 -21.000000 5.999999 0.025524 0.800625 -1
0 1.000002 -21.000000 5.999999 0.025524 0.800625 -1
0 4.000002 -18.000000 6.000000 0.092249 0.800625 -1
0 -3.999999 -18.000000 5.999999 0.092249 0.800625 -1
0 4.000001 -9.500001 6.000001 0.281302 0.800625 -1
0 -3.999999 -9.500001 6.000000 0.281302 0.800625 -1
0 0.000000 -5.500000 6.000000 0.370268 0.800625 -1
0 0.000000 -2.000000 6.000000 0.448113 0.800625 -1
0 4.000001 -6.000000 6.000000 0.359147 0.800625 -1
0 4.000000 4.500000 6.000000 0.592683 0.800625 -1
0 -0.000002 21.500000 6.000002 0.970789 0.800625 -1
0 -8.500000 5.999999 6.000000 0.626045 0.800625 -1
0 -0.000001 11.499999 6.000001 0.748374 0.800625 -1
0 8.500000 6.000001 6.000000 0.626045 0.800625 -1
0 -23.000000 -4.000002 5.999999 0.403630 0.800625 -1
0 -22.000000 -5.000002 5.999999 0.381388 0.800625 -1
0 -19.500000 -5.000002 5.999999 0.381388 0.800625 -1
0 -23.000000 -1.500003 6.000000 0.459234 0.800625 -1
0 19.500000 -4.999998 5.999999 0.381388 0.800625 -1
0 22.000000 -4.999998 5.999999 0.381388 0.800625 -1
0 23.000000 -3.999998 5.999999 0.403630 0.800625 -1
0 23.000000 -1.499999 6.000000 0.459234 0.800625 -1
0 -5.500001 5.999999 6.000000 0.626045 0.800625 -1
0 5.499999 6.000001 6.000000 0.626045 0.800625 -1
20
0.000000 0.000000 1.000000
-0.000000 -0.000000 1.000000
0.000000 -0.000000 1.000000
-0.000000 -0.000000 1.000000
-0.000000 -0.000000 1.000000
-0.000000 -0.000000 1.000000
-0.000000 0.000000 1.000000
-0.000000 0.000000 1.000000
0.000000 -0.000000 1.000000
0.000000 -0.000000 1.000000
0.000000 -0.000000 1.000000
-0.000000 -0.000000 1.000000
-0.000000 -0.000000 1.000000
0.000000 -0.000000 1.000000
-0.000000 -0.000000 1.000000
-0.000000 -0.000000 1.000000
0.000000 -0.000000 1.000000
0.000000 -0.000000 1.000000
0.000000 -0.000000 1.000000
0.000000 -0.000000 1.000000
21
0 0 1 2 0 0 0 1
0 3 4 5 1 2 3 1
0 5 6 3 3 4 1 1
0 7 8 6 5 6 4 1
0 7 6 5 5 4 3 1
0 7 9 8 5 7 6 1
0 10 0 2 0 0 0 1
0 0 10 11 0 0 0 1
0 11 12 0 0 0 0 1
0 13 14 15 8 9 10 1
0 13 15 16 8 10 11 1
0 17 18 19 12 0 13 1
0 19 20 17 13 14 12 1
0 21 22 23 15 0 16 1
0 21 23 24 15 16 17 1
0 13 16 21 8 11 15 1
0 21 24 13 15 17 8 1
0 19 14 13 13 9 8 1
0 13 20 19 8 14 13 1
0 15 14 25 10 9 18 1
0 15 26 16 10 19 11 1
"outer" 0 0
172
0 -18.500000 -10.000002 2.500000 0.344232 0.593354 -1
0 -10.000000 -4.000001 0.000000 0.440287 0.593354 -1
0 -8.000000 0.499999 2.500000 0.512328 0.593354 -1
0 8.000000 0.500001 2.500000 0.512329 0.593354 -1
0 10.000002 -22.000000 -0.000004 0.152123 0.593354 -1
0 10.000000 -3.999999 0.000000 0.440287 0.593354 -1
0 -1.499998 -28.000000 2.499996 0.056068 0.593354 -1
0 -1.999997 -30.000000 -0.000004 0.024050 0.593354 -1
0 2.000003 -30.000000 -0.000004 0.024050 0.593354 -1
0 1.500002 -28.000000 2.499996 0.056068 0.593354 -1
0 -7.999998 -21.500000 2.499998 0.160127 0.593354 -1
0 -9.999998 -22.000000 -0.000004 0.152123 0.593354 -1
0 -18.000000 -12.000002 -0.000002 0.312214 0.593354 -1
0 -23.500000 -10.000002 2.500000 0.344232 0.593354 -1
0 -24.000000 -12.000002 -0.000002 0.312214 0.593354 -1
0 18.500000 -9.999998 2.500000 0.344232 0.593354 -1
0 18.000000 -11.999998 -0.000002 0.312214 0.593354 -1
0 8.000002 -21.500000 2.499998 0.160127 0.593354 -1
0 -27.500000 -5.500003 2.500000 0.416274 0.593354 -1
0 -30.000000 -6.000003 0.000000 0.408269 0.593354 -1
0 -30.000000 -0.000003 0.000000 0.504324 0.593354 -1
0 -27.500000 0.484316 2.500000 0.512077 0.593354 -1
0 -0.000002 28.484318 2.500004 0.960333 0.593354 -1
0 -0.000003 30.000000 0.000004 0.984598 0.593354 -1
0 27.500000 0.484320 2.500000 0.512077 0.593354 -1
0 30.000000 0.000003 0.000000 0.504324 0.593354 -1
0 27.500000 -5.499997 2.500000 0.416274 0.593354 -1
0 30.000000 -5.999997 0.000000 0.408269 0.593354 -1
0 23.500000 -9.999998 2.500000 0.344232 0.593354 -1
0 24.000000 -11.999998 -0.000002 0.312214 0.593354 -1
0 -0.999998 -21.000000 6.999998 0.138926 0.699376 -1
0 -1.173175 -27.210979 3.499997 0.027703 0.699376 -1
0 1.173179 -27.210979 3.499997 0.027703 0.699376 -1
0 1.000002 -21.000000 6.999998 0.138926 0.699376 -1
0 7.210981 -21.173178 3.499997 0.135824 0.699376 -1
0 4.000002 -18.000000 6.999999 0.192648 0.699376 -1
0 7.210979 2.404865 3.500001 0.558046 0.699376 -1
0 4.000000 4.500000 7.000000 0.595564 0.699376 -1
0 0.000000 -2.000000 7.000000 0.479166 0.699376 -1
0 0.000000 -5.500000 7.000000 0.416490 0.699376 -1
0 4.000001 -9.500001 7.000000 0.344861 0.699376 -1
0 4.000001 -6.000000 7.000000 0.407536 0.699376 -1
0 -3.999999 -9.500001 6.999999 0.344861 0.699376 -1
0 -3.999999 -18.000000 6.999998 0.192648 0.699376 -1
0 -7.210977 -21.173178 3.499997 0.135824 0.699376 -1
0 -4.000000 -6.000000 7.000000 0.407536 0.699376 -1
0 -4.000000 4.500000 7.000000 0.595564 0.699376 -1
0 -19.500000 -5.000002 7.000000 0.425444 0.699376 -1
0 -18.826822 -9.210981 3.499999 0.350036 0.699376 -1
0 -7.210979 2.404864 3.500000 0.558046 0.699376 -1
0 -8.500000 5.999999 7.000000 0.622425 0.699376 -1
0 -5.500001 5.999999 7.000000 0.622425 0.699376 -1
0 -0.000001 11.499999 7.000002 0.720916 0.699376 -1
0 5.499999 6.000001 7.000000 0.622425 0.699376 -1
0 -0.000001 8.499999 7.000000 0.667194 0.699376 -1
0 8.500000 6.000001 7.000000 0.622425 0.699376 -1
0 18.826822 -9.210978 3.499999 0.350036 0.699376 -1
0 19.500000 -4.999998 7.000000 0.425444 0.699376 -1
0 23.173178 -9.210978 3.499999 0.350036 0.699376 -1
0 22.000000 -4.999998 7.000000 0.425444 0.699376 -1
0 27.210979 -5.173175 3.500000 0.422343 0.699376 -1
0 23.000000 -3.999998 7.000000 0.443351 0.699376 -1
0 23.000000 -1.499999 7.000000 0.488120 0.699376 -1
0 27.210979 -0.826821 3.500001 0.500175 0.699376 -1
0 -0.000002 26.384157 3.500004 0.987452 0.699376 -1
0 -0.000002 21.500000 7.000002 0.899990 0.699376 -1
0 -27.210979 -0.826825 3.500001 0.500175 0.699376 -1
0 -23.000000 -1.500003 7.000000 0.488120 0.699376 -1
0 -27.210979 -5.173179 3.500000 0.422343 0.699376 -1
0 -23.000000 -4.000002 7.000000 0.443351 0.699376 -1
0 -23.173178 -9.210981 3.499999 0.350036 0.699376 -1
0 -22.000000 -5.000002 7.000000 0.425444 0.699376 -1
0 -1.173175 -27.210979 3.499997 0.053518 0.594136 -1
0 1.500002 -28.000000 2.499996 0.040468 0.594136 -1
0 1.173179 -27.210979 3.499997 0.053518 0.594136 -1
0 -7.999998 -21.500000 2.499997 0.147974 0.594136 -1
0 -1.499998 -28.000000 2.499996 0.040468 0.594136 -1
0 18.826822 -9.210978 3.499999 0.351228 0.594136 -1
0 23.500000 -9.999998 2.499999 0.338178 0.594136 -1
0 23.173178 -9.210978 3.499999 0.351228 0.594136 -1
0 27.210979 -5.173175 3.500000 0.418011 0.594136 -1
0 -27.210979 -0.826825 3.500001 0.489897 0.594136 -1
0 -27.500000 0.484316 2.500000 0.511583 0.594136 -1
0 -27.210979 -5.173179 3.500000 0.418011 0.594136 -1
0 -23.173178 -9.210981 3.499999 0.351228 0.594136 -1
0 -23.500000 -10.000002 2.499999 0.338178 0.594136 -1
0 -7.210977 -21.173178 3.499997 0.153380 0.594136 -1
0 -8.000000 0.499999 2.500000 0.511842 0.594136 -1
0 -0.000002 26.384157 3.500004 0.510280 0.894547 -1
0 27.500000 0.484320 2.500000 0.510280 0.894547 -1
0 -0.000002 28.484318 2.500004 0.510280 0.894547 -1
0 7.210981 -21.173178 3.499997 0.153380 0.594136 -1
0 8.000000 0.500001 2.500000 0.511842 0.594136 -1
0 7.210979 2.404865 3.500001 0.543348 0.594136 -1
0 8.000002 -21.500000 2.499997 0.147974 0.594136 -1
0 27.500000 0.484320 2.500000 0.511583 0.594136 -1
0 27.210979 -0.826821 3.500001 0.489897 0.594136 -1
0 -27.500000 0.484316 2.500000 0.510280 0.894547 -1
0 -27.210979 -0.826825 3.500001 0.510280 0.894547 -1
0 -18.826822 -9.210981 3.499999 0.351228 0.594136 -1
0 18.500000 -9.999998 2.499999 0.338178 0.594136 -1
0 -7.210979 2.404864 3.500000 0.543348 0.594136 -1
0 -27.500000 -5.500003 2.500000 0.412605 0.594136 -1
0 27.500000 -5.499997 2.500000 0.412605 0.594136 -1
0 27.210979 -0.826821 3.500001 0.510280 0.894547 -1
0 -18.500000 -10.000002 2.499999 0.338178 0.594136 -1
0 0.585788 -19.207106 5.999998 0.505117 0.893125 -1
0 -0.585784 -19.207106 5.999998 0.505117 0.893125 -1
0 -0.999998 -21.000000 6.999998 0.505117 0.893125 -1
0 1.000002 -21.000000 6.999998 0.505117 0.893125 -1
0 3.600001 -16.792892 5.999999 0.505117 0.893125 -1
0 4.000002 -18.000000 6.999999 0.505117 0.893125 -1
0 -3.599998 -16.792892 5.999998 0.505117 0.893125 -1
0 -3.999999 -18.000000 6.999998 0.505117 0.893125 -1
0 -3.599999 -9.414210 5.999999 0.505117 0.893125 -1
0 -3.999999 -9.500001 6.999999 0.505117 0.893125 -1
0 3.600001 -9.414210 6.000000 0.505117 0.893125 -1
0 4.000001 -9.500001 7.000000 0.505117 0.893125 -1
0 0.000000 -5.500000 6.000000 0.507578 0.967205 -1
0 3.600001 -9.414210 6.000000 0.507578 0.967205 -1
0 4.000001 -9.500001 7.000000 0.507578 0.967205 -1
0 0.000000 -5.500000 7.000000 0.507578 0.967205 -1
0 -3.599999 -9.414210 5.999999 0.507578 0.967205 -1
0 -3.999999 -9.500001 6.999999 0.507578 0.967205 -1
0 -3.600000 4.585790 6.000000 0.507578 0.967205 -1
0 -0.000001 7.585790 6.000000 0.507578 0.967205 -1
0 -0.000001 8.499999 7.000000 0.507578 0.967205 -1
0 -4.000000 4.500000 7.000000 0.507578 0.967205 -1
0 -3.599999 -3.000000 6.000000 0.505117 0.893125 -1
0 -3.600000 4.585790 6.000000 0.505117 0.893125 -1
0 -4.000000 4.500000 7.000000 0.505117 0.893125 -1
0 -4.000000 -6.000000 7.000000 0.505117 0.893125 -1
0 0.000000 0.000000 6.000000 0.505117 0.893125 -1
0 0.000000 -2.000000 7.000000 0.505117 0.893125 -1
0 3.600000 -3.000000 6.000000 0.505117 0.893125 -1
0 4.000001 -6.000000 7.000000 0.505117 0.893125 -1
0 3.599999 4.585790 6.000000 0.505117 0.893125 -1
0 4.000000 4.500000 7.000000 0.505117 0.893125 -1
0 3.599999 4.585790 6.000000 0.507578 0.967205 -1
0 4.000000 4.500000 7.000000 0.507578 0.967205 -1
0 -21.585787 -3.499999 6.000000 0.507578 0.893125 -1
0 -22.652683 -2.500002 6.000000 0.507578 0.893125 -1
0 -23.000000 -4.000002 7.000000 0.507578 0.893125 -1
0 -22.000000 -5.000002 7.000000 0.507578 0.893125 -1
0 -19.914213 -3.499999 6.000000 0.507578 0.893125 -1
0 -19.500000 -5.000002 7.000000 0.507578 0.893125 -1
0 -22.652683 -1.414216 6.000000 0.507578 0.893125 -1
0 -23.000000 -1.500003 7.000000 0.507578 0.893125 -1
0 21.585787 -3.499995 6.000000 0.507578 0.893125 -1
0 19.914213 -3.499995 6.000000 0.507578 0.893125 -1
0 19.500000 -4.999998 7.000000 0.507578 0.893125 -1
0 22.000000 -4.999998 7.000000 0.507578 0.893125 -1
0 22.652683 -2.499998 6.000000 0.507578 0.893125 -1
0 23.000000 -3.999998 7.000000 0.507578 0.893125 -1
0 22.652683 -1.414212 6.000000 0.507578 0.893125 -1
0 23.000000 -1.499999 7.000000 0.507578 0.893125 -1
0 8.914213 7.500004 6.000000 0.507578 0.893125 -1
0 8.500000 6.000001 7.000000 0.507578 0.893125 -1
0 -0.000002 20.585787 6.000002 0.507578 0.967205 -1
0 22.652683 -1.414212 6.000000 0.507578 0.967205 -1
0 23.000000 -1.499999 7.000000 0.507578 0.967205 -1
0 -0.000002 21.500000 7.000002 0.507578 0.967205 -1
0 -8.914213 7.500002 6.000000 0.507578 0.893125 -1
0 -8.500000 5.999999 7.000000 0.507578 0.893125 -1
0 -22.652683 -1.414216 6.000000 0.507578 0.967205 -1
0 -23.000000 -1.500003 7.000000 0.507578 0.967205 -1
0 -0.000001 13.414215 6.000002 0.507578 0.893125 -1
0 -5.914215 7.500002 6.000000 0.507578 0.893125 -1
0 -5.500001 5.999999 7.000000 0.507578 0.893125 -1
0 -0.000001 11.499999 7.000002 0.507578 0.893125 -1
0 5.914213 7.500004 6.000000 0.507578 0.893125 -1
0 5.499999 6.000001 7.000000 0.507578 0.893125 -1
163
0.402112 -0.674042 0.619656
0.173560 -0.536095 0.826123
-0.457023 -0.268048 0.848104
0.457023 -0.268047 0.848104
0.744915 -0.201056 0.636143
-0.173559 -0.536095 0.826123
-0.201056 -0.744915 0.636143
-0.402112 -0.674042 0.619656
0.303323 -0.713568 0.631519
0.303323 -0.713568 0.631519
-0.674042 -0.402113 0.619656
-0.744915 -0.201056 0.636143
0.201056 -0.744915 0.636143
-0.216774 -0.740694 0.635910
-0.404073 -0.652826 0.640737
-0.303323 -0.713568 0.631519
-0.303323 -0.713568 0.631519
0.674042 -0.402112 0.619656
-0.671043 -0.284034 0.684855
-0.649886 -0.281155 0.706117
-0.714202 0.334651 0.614756
-0.700113 0.320623 0.637999
-0.000000 0.814761 0.579797
0.000000 0.855117 0.518434
0.700113 0.320622 0.638000
0.714202 0.334651 0.614756
0.679271 -0.171493 0.713569
0.638750 -0.372432 0.673270
0.397196 -0.647906 0.649963
-0.147701 -0.482422 0.863397
-0.295401 -0.462762 0.835817
0.222189 -0.473954 0.852056
0.222189 -0.473954 0.852056
0.692581 -0.088758 0.715859
0.552764 -0.298730 0.777954
0.212654 -0.500000 0.839511
0.429602 -0.105932 0.896784
0.000000 -0.000000 1.000000
-0.000000 0.000000 1.000000
0.402475 0.000000 0.915431
0.530962 0.000000 0.847395
-0.402475 -0.000000 0.915431
-0.552764 -0.298730 0.777954
-0.692581 -0.088758 0.715859
-0.530962 -0.000000 0.847396
-0.429602 -0.105932 0.896784
0.260830 -0.592071 0.762509
-0.051140 -0.526051 0.848914
0.261357 -0.623576 0.736781
-0.174774 -0.427535 0.886943
0.000000 -0.000000 1.000000
0.174774 -0.427535 0.886943
0.000000 -0.000001 1.000000
-0.346966 -0.587398 0.731149
-0.346348 -0.566271 0.747917
-0.173174 -0.613020 0.770855
0.164258 -0.603049 0.780609
0.328517 -0.547912 0.769330
0.577662 -0.247321 0.777907
0.577662 -0.247321 0.777907
0.592071 0.260829 0.762509
0.592071 0.260829 0.762509
-0.000000 0.582484 0.812842
-0.592071 0.260829 0.762509
-0.592071 0.260829 0.762509
-0.603049 -0.164258 0.780609
-0.547912 -0.328517 0.769330
-0.247321 -0.577662 0.777907
-0.247321 -0.577662 0.777907
-0.291002 -0.702541 0.649425
0.192941 -0.738660 0.645875
0.385882 -0.658742 0.645875
-0.658741 -0.385882 0.645875
-0.291002 -0.702541 0.649425
-0.291002 -0.702541 0.649425
0.330390 -0.728125 0.600564
0.291002 -0.702541 0.649426
0.850383 -0.313215 0.422783
-0.960681 -0.000000 0.277656
-0.960680 -0.000000 0.277656
-0.850383 -0.313215 0.422783
-0.291002 -0.702541 0.649426
-0.330390 -0.728125 0.600564
-0.738660 -0.192941 0.645876
-0.167000 -0.403173 0.899757
-0.000000 0.479812 0.877371
0.435507 0.431919 0.789797
-0.000000 0.429907 0.902873
0.738660 -0.192941 0.645876
0.167000 -0.403174 0.899757
0.167000 -0.403174 0.899757
0.658741 -0.385882 0.645875
0.960680 -0.000000 0.277656
0.960681 -0.000000 0.277656
-0.435507 0.431919 0.789797
-0.468267 0.468267 0.749301
0.291002 -0.702541 0.649426
-0.167000 -0.403173 0.899757
-0.875305 -0.324087 0.358900
0.875305 -0.324087 0.358900
0.468267 0.468267 0.749301
-0.108967 0.464891 0.878637
0.266327 0.465914 0.843798
0.129450 0.460035 0.878414
-0.269078 0.462330 0.844895
-0.622336 0.315139 0.716509
-0.829494 0.166723 0.533051
0.817691 0.181584 0.546268
0.619746 0.319729 0.716720
0.928477 0.000000 0.371391
0.928477 0.000000 0.371391
-0.928477 -0.000000 0.371391
-0.928477 -0.000000 0.371391
-0.317108 -0.942435 0.106107
-0.716299 -0.658799 0.230001
-0.716676 -0.687725 0.115804
0.325997 -0.940245 0.098312
0.717590 -0.687864 0.109120
0.690275 -0.690275 0.216891
0.619563 -0.673028 0.403949
-0.282976 -0.800591 0.528184
0.257038 -0.792568 0.552962
0.690275 -0.690275 0.216891
0.685140 0.146491 0.713529
0.928477 0.000000 0.371391
0.928477 0.000000 0.371391
0.107425 0.334410 0.936285
-0.120232 0.411893 0.903265
0.099509 0.415820 0.903986
-0.108053 0.338819 0.934626
-0.675970 0.150347 0.721429
-0.928476 -0.000000 0.371391
-0.928476 -0.000000 0.371392
-0.628913 -0.754696 0.186821
-0.623484 -0.687621 0.372081
0.282945 0.481222 0.829679
0.834203 0.158891 0.528070
0.643095 0.310872 0.699848
0.143202 0.521302 0.841271
-0.143202 0.521302 0.841271
-0.286404 0.475454 0.831815
0.944646 0.000000 0.328091
-0.136631 0.523101 0.841247
0.286404 0.475454 0.831815
0.143202 0.521302 0.841271
-0.283236 0.481328 0.829519
-0.643359 0.310931 0.699580
-0.837593 0.155241 0.523772
-0.944646 0.000000 0.328091
-0.944646 0.000000 0.328091
0.143202 0.521302 0.841271
0.286404 0.475454 0.831815
-0.291775 -0.795377 0.531265
-0.685625 -0.705966 0.177566
-0.652449 -0.662822 0.367391
0.287607 -0.794207 0.535273
0.651804 -0.660619 0.372471
0.695317 -0.695317 0.181845
-0.152538 0.457613 0.875970
-0.143202 0.521302 0.841271
-0.286404 0.475454 0.831815
0.152538 0.457613 0.875970
0.286404 0.475454 0.831815
160
0 0 1 2 0 1 2 1
0 3 4 5 3 4 5 1
0 6 7 8 6 7 8 1
0 9 6 8 9 6 8 1
0 10 11 7 10 11 7 1
0 7 6 10 7 6 10 1
0 11 10 2 11 10 2 1
0 0 12 1 0 12 1 1
0 13 14 12 13 14 12 1
0 12 0 13 12 0 13 1
0 15 5 16 15 5 16 1
0 3 17 4 3 17 4 1
0 17 9 8 17 9 8 1
0 17 8 4 17 8 4 1
0 18 19 14 18 19 14 1
0 14 13 18 14 13 18 1
0 20 19 18 20 19 18 1
0 18 21 20 18 21 20 1
0 22 23 20 22 23 20 1
0 20 21 22 20 21 22 1
0 22 24 25 22 24 25 1
0 25 23 22 25 23 22 1
0 26 27 25 26 27 25 1
0 25 24 26 25 24 26 1
0 28 29 27 28 12 27 1
0 27 26 28 27 26 28 1
0 15 16 29 15 16 12 1
0 29 28 15 12 28 15 1
0 1 11 2 1 11 2 1
0 3 5 15 3 5 15 1
0 30 31 32 29 30 31 1
0 32 33 30 31 32 29 1
0 34 35 32 33 34 31 1
0 36 37 34 35 36 33 1
0 38 39 40 37 38 39 1
0 40 41 38 39 40 37 1
0 39 38 42 38 37 41 1
0 43 44 31 42 43 30 1
0 43 31 30 42 30 29 1
0 44 43 42 43 42 41 1
0 44 42 45 43 41 44 1
0 44 45 46 43 44 45 1
0 47 48 49 46 46 47 1
0 50 47 49 48 46 47 1
0 51 50 49 49 48 47 1
0 46 51 49 45 49 47 1
0 51 46 52 49 45 50 1
0 37 53 52 36 51 50 1
0 37 52 54 36 50 52 1
0 36 53 37 35 51 36 1
0 36 55 53 35 53 51 1
0 56 57 55 54 55 53 1
0 55 36 56 53 35 54 1
0 56 58 57 54 56 55 1
0 58 59 57 56 57 55 1
0 60 61 59 58 59 57 1
0 59 58 60 57 56 58 1
0 60 62 61 58 60 59 1
0 60 63 62 58 61 60 1
0 64 65 62 62 62 60 1
0 62 63 64 60 61 62 1
0 64 66 67 62 63 64 1
0 64 67 65 62 64 62 1
0 66 68 67 63 65 64 1
0 68 69 67 65 66 64 1
0 70 71 69 67 68 66 1
0 70 69 68 67 66 65 1
0 47 71 70 46 68 67 1
0 47 70 48 46 67 46 1
0 46 54 52 45 52 50 1
0 44 46 49 43 45 47 1
0 35 33 32 34 32 31 1
0 34 37 41 33 36 40 1
0 34 41 40 33 40 39 1
0 34 40 35 33 39 34 1
0 72 73 74 69 70 71 1
0 72 75 76 69 72 73 1
0 77 78 79 74 75 76 1
0 79 78 80 76 75 77 1
0 81 82 83 78 79 80 1
0 84 83 85 81 80 82 1
0 86 87 75 83 84 72 1
0 88 89 90 85 86 87 1
0 91 92 93 88 89 90 1
0 91 74 94 88 71 91 1
0 80 95 96 77 92 93 1
0 88 97 98 85 94 95 1
0 84 85 99 81 82 96 1
0 77 92 100 74 89 81 1
0 99 87 101 96 84 97 1
0 38 45 42 37 44 41 1
0 72 76 73 69 73 70 1
0 72 86 75 69 83 72 1
0 77 100 78 74 81 75 1
0 82 102 83 79 98 80 1
0 78 103 80 75 99 77 1
0 86 101 87 83 97 84 1
0 88 104 89 85 100 86 1
0 91 94 92 88 91 89 1
0 85 105 99 82 76 96 1
0 80 103 95 77 99 92 1
0 88 90 97 85 87 94 1
0 83 102 85 80 98 82 1
0 77 93 92 74 90 89 1
0 99 105 87 96 76 84 1
0 74 73 94 71 70 91 1
0 106 107 108 101 102 103 1
0 106 108 109 101 103 104 1
0 110 106 109 105 101 104 1
0 110 109 111 105 104 106 1
0 107 112 113 102 107 108 1
0 107 113 108 102 108 103 1
0 112 114 115 107 109 110 1
0 112 115 113 107 110 108 1
0 116 110 111 111 105 106 1
0 116 111 117 111 106 112 1
0 118 119 120 113 114 115 1
0 118 120 121 113 115 116 1
0 122 118 121 117 113 116 1
0 122 121 123 117 116 118 1
0 124 125 126 119 120 121 1
0 124 126 127 119 121 122 1
0 128 129 130 123 124 125 1
0 128 130 131 123 125 126 1
0 132 128 131 127 123 126 1
0 132 131 133 127 126 128 1
0 134 132 133 129 127 128 1
0 134 133 135 129 128 130 1
0 136 134 135 131 129 130 1
0 136 135 137 131 130 132 1
0 125 138 139 120 133 134 1
0 125 139 126 120 134 121 1
0 140 141 142 135 136 137 1
0 140 142 143 135 137 138 1
0 144 140 143 139 135 138 1
0 144 143 145 139 138 140 1
0 141 146 147 136 141 141 1
0 141 147 142 136 141 137 1
0 148 149 150 142 143 144 1
0 148 150 151 142 144 145 1
0 152 148 151 146 142 145 1
0 152 151 153 146 145 147 1
0 154 152 153 148 146 147 1
0 154 153 155 148 147 149 1
0 149 156 157 143 150 151 1
0 149 157 150 143 151 144 1
0 158 159 160 152 153 154 1
0 158 160 161 152 154 155 1
0 162 144 145 140 139 140 1
0 162 145 163 140 140 139 1
0 164 158 161 156 152 155 1
0 164 161 165 156 155 157 1
0 166 167 168 158 159 160 1
0 166 168 169 158 160 161 1
0 167 162 163 159 140 139 1
0 167 163 168 159 139 160 1
0 170 166 169 162 158 161 1
0 170 169 171 162 161 144 1
0 156 170 171 150 162 144 1
0 156 171 157 150 144 151 1
"electric" 0 2
14
0 -34.104511 -34.950882 7.100001 0.000000 1.000000 -1
0 -28.000000 -34.950901 7.100000 0.089497 1.000000 -1
0 0.000000 0.000000 7.099999 0.500000 0.500000 -1
0 -34.104511 -28.000000 7.100000 0.000000 0.900562 -1
0 -34.104511 28.000000 7.100000 0.000000 0.099438 -1
0 -34.104511 0.000000 7.100000 0.000000 0.500000 -1
0 -34.104511 34.950882 7.099999 0.000000 0.000000 -1
0 -28.000000 34.950882 7.100000 0.089497 0.000000 -1
0 34.104511 -28.000000 7.099999 1.000000 0.900562 -1
0 34.104511 -34.950882 7.100000 1.000000 1.000000 -1
0 34.104511 34.950882 7.099998 1.000000 0.000000 -1
0 34.104511 28.000000 7.099999 1.000000 0.099438 -1
0 28.000000 34.950901 7.099999 0.910503 0.000000 -1
0 28.000000 -34.950901 7.100000 0.910503 1.000000 -1
14
0.000000 0.000000 1.000000
0.000000 -0.000000 1.000000
0.000000 0.000000 1.000000
-0.000000 0.000000 1.000000
0.000000 0.000000 1.000000
0.000000 0.000000 0.000000
-0.000000 -0.000000 1.000000
-0.000000 -0.000000 1.000000
0.000000 0.000000 1.000000
0.000000 0.000000 1.000000
0.000000 0.000000 1.000000
-0.000000 0.000000 1.000000
0.000000 -0.000000 1.000000
-0.000000 0.000000 1.000000
16
0 0 1 2 0 1 2 1
0 0 2 3 0 2 3 1
0 3 4 5 3 4 5 1
0 6 2 7 6 2 7 1
0 8 9 9 8 9 9 1
0 10 11 10 10 11 10 1
0 7 2 12 7 2 12 1
0 2 11 10 2 11 10 1
0 0 3 0 0 3 0 1
0 4 2 6 4 2 6 1
0 3 2 4 3 2 4 1
0 12 2 10 12 2 10 1
0 2 13 9 2 13 9 1
0 2 9 8 2 9 8 1
0 11 2 8 11 2 8 1
0 2 1 13 2 1 13 1

Materials: 3
"white outer"
0.000000 0.000000 0.000000 1.000000
1.000000 1.000000 1.000000 1.000000
1.000000 1.000000 1.000000 1.000000
0.000000 0.000000 0.000000 1.000000
0.000000
1.000000
"_mine tex.png"
""
"red middle"
1.000000 1.000000 1.000000 1.000000
1.000000 1.000000 1.000000 1.000000
0.898039 0.898039 0.898039 1.000000
0.000000 0.000000 0.000000 1.000000
12.799999
1.000000
"_mine ani tex.ini"
""
"shock"
0.000000 0.000000 0.000000 1.000000
1.000000 1.000000 1.000000 1.000000
1.000000 1.000000 1.000000 1.000000
0.000000 0.000000 0.000000 1.000000
0.000000
1.000000
"_mine shock.ini"
""

Bones: 1
"joint1"
""
0 0 0 0 0 0 0
2
1.000000 0.000000 0.000000 0.000000
120.000000 0.000000 0.000000 0.000000
3
1.000000 0.000000 0.000000 0.000000
60.000000 0.000000 0.000000 3.1
120.000000 0.000000 0.000000 6.2

GroupComments: 0
MaterialComments: 0
BoneComments: 0
ModelComment: 0