// MilkShape 3D ASCII

Frames: 30
Frame: 1

Meshes: 4
"frame" 0 0
30
0 18.500000 10.000000 3.000000 0.493052 0.000000 -1
0 10.000000 4.000000 -0.000000 0.493052 0.000000 -1
0 8.000000 -0.500000 3.000000 0.493052 0.000000 -1
0 -8.000000 -0.500000 3.000000 0.493052 0.000000 -1
0 -10.000000 22.000000 -0.000002 0.493052 0.000000 -1
0 -10.000000 4.000000 -0.000000 0.493052 0.000000 -1
0 1.500000 28.000000 2.999998 0.493052 0.000000 -1
0 2.000000 30.000000 -0.000002 0.493052 0.000000 -1
0 -2.000000 30.000000 -0.000002 0.493052 0.000000 -1
0 -1.500000 28.000000 2.999998 0.493052 0.000000 -1
0 8.000000 21.500000 2.999999 0.493052 0.000000 -1
0 10.000000 22.000000 -0.000002 0.493052 0.000000 -1
0 18.000000 12.000000 -0.000001 0.493052 0.000000 -1
0 23.500000 10.000000 3.000000 0.493052 0.000000 -1
0 24.000000 12.000000 -0.000001 0.493052 0.000000 -1
0 -18.500000 10.000000 3.000000 0.493052 0.000000 -1
0 -18.000000 12.000000 -0.000001 0.493052 0.000000 -1
0 -8.000000 21.500000 2.999999 0.493052 0.000000 -1
0 28.000000 5.500000 3.000000 0.493052 0.000000 -1
0 30.000000 6.000000 -0.000000 0.493052 0.000000 -1
0 30.000000 0.000000 0.000000 0.493052 0.000000 -1
0 28.000000 0.500000 3.000000 0.493052 0.000000 -1
0 0.000000 -27.500000 3.000002 0.493052 0.000000 -1
0 0.000000 -30.000000 0.000002 0.493052 0.000000 -1
0 -28.000000 0.500000 3.000000 0.493052 0.000000 -1
0 -30.000000 0.000000 0.000000 0.493052 0.000000 -1
0 -28.000000 5.500000 3.000000 0.493052 0.000000 -1
0 -30.000000 6.000000 -0.000000 0.493052 0.000000 -1
0 -23.500000 10.000000 3.000000 0.493052 0.000000 -1
0 -24.000000 12.000000 -0.000001 0.493052 0.000000 -1
17
-0.336300 0.756800 0.560600
0.172700 0.492100 0.853200
0.202600 0.479300 0.854000
-0.202600 0.479300 0.854000
-0.768800 0.303300 0.563100
-0.172700 0.492100 0.853200
0.336300 0.756800 0.560600
0.303300 0.768800 0.563100
-0.303300 0.768800 0.563100
0.756800 0.336300 0.560600
0.768800 0.303300 0.563100
-0.756800 0.336300 0.560600
0.768800 -0.303300 0.563100
0.756800 -0.336300 0.560600
-0.000000 -0.768200 0.640200
-0.756800 -0.336300 0.560600
-0.768800 -0.303300 0.563100
30
0 0 1 2 0 1 2 1
0 3 4 5 3 4 5 1
0 6 7 8 6 7 8 1
0 9 6 8 0 6 8 1
0 10 11 7 9 10 7 1
0 7 6 10 7 6 9 1
0 11 10 2 10 9 2 1
0 0 12 1 0 8 1 1
0 13 14 12 6 7 8 1
0 12 0 13 8 0 6 1
0 15 5 16 6 5 7 1
0 3 17 4 3 11 4 1
0 17 9 8 11 0 8 1
0 17 8 4 11 8 4 1
0 18 19 14 9 10 7 1
0 14 13 18 7 6 9 1
0 20 19 18 12 10 9 1
0 18 21 20 9 13 12 1
0 22 23 20 14 14 12 1
0 20 21 22 12 13 14 1
0 22 24 25 14 15 16 1
0 25 23 22 16 14 14 1
0 26 27 25 11 4 16 1
0 25 24 26 16 15 11 1
0 28 29 27 0 8 4 1
0 27 26 28 4 11 0 1
0 15 16 29 6 7 8 1
0 29 28 15 8 0 6 1
0 1 11 2 1 10 2 1
0 3 5 15 3 5 6 1
"outer" 0 1
126
0 1.000000 21.000000 7.499999 0.529223 0.000000 -1
0 1.173177 27.210979 3.999999 0.529223 0.000000 -1
0 -1.173177 27.210979 3.999999 0.529223 0.000000 -1
0 -1.000000 21.000000 7.499999 0.529223 0.000000 -1
0 -7.210979 21.173178 3.999999 0.529223 0.000000 -1
0 -4.000000 18.000000 7.500000 0.529223 0.000000 -1
0 -7.210979 -2.404864 4.000001 0.529223 0.000000 -1
0 -4.000000 -4.500000 7.500000 0.529223 0.000000 -1
0 0.000000 2.000000 7.500000 0.529223 0.000000 -1
0 0.000000 5.500000 7.500000 0.529223 0.000000 -1
0 -4.000000 9.500000 7.500001 0.529223 0.000000 -1
0 -4.000000 6.000000 7.500000 0.529223 0.000000 -1
0 4.000000 9.500000 7.500000 0.529223 0.000000 -1
0 4.000000 18.000000 7.499999 0.529223 0.000000 -1
0 7.210979 21.173178 3.999999 0.529223 0.000000 -1
0 4.000000 6.000000 7.500000 0.529223 0.000000 -1
0 4.000000 -4.500000 7.500000 0.529223 0.000000 -1
0 19.500000 5.000000 7.500000 0.529223 0.000000 -1
0 18.826822 9.210979 4.000000 0.529223 0.000000 -1
0 7.210979 -2.404864 4.000000 0.529223 0.000000 -1
0 8.500000 -6.000000 7.500000 0.529223 0.000000 -1
0 5.500000 -6.000000 7.500000 0.529223 0.000000 -1
0 0.000000 -11.500000 7.500001 0.529223 0.000000 -1
0 -5.500000 -6.000000 7.500000 0.529223 0.000000 -1
0 0.000000 -8.500000 7.500000 0.529223 0.000000 -1
0 -8.500000 -6.000000 7.500000 0.529223 0.000000 -1
0 -18.826822 9.210979 4.000000 0.529223 0.000000 -1
0 -19.500000 5.000000 7.500000 0.529223 0.000000 -1
0 -23.173178 9.210979 4.000000 0.529223 0.000000 -1
0 -22.000000 5.000000 7.500000 0.529223 0.000000 -1
0 -27.210979 5.173177 4.000000 0.529223 0.000000 -1
0 -23.000000 4.000000 7.500000 0.529223 0.000000 -1
0 -23.000000 1.500000 7.500000 0.529223 0.000000 -1
0 -27.210979 0.826823 4.000001 0.529223 0.000000 -1
0 0.000000 -26.384157 4.000002 0.529223 0.000000 -1
0 0.000000 -21.500000 7.500001 0.529223 0.000000 -1
0 27.210979 0.826823 4.000001 0.529223 0.000000 -1
0 23.000000 1.500000 7.500000 0.529223 0.000000 -1
0 27.210979 5.173177 4.000000 0.529223 0.000000 -1
0 23.000000 4.000000 7.500000 0.529223 0.000000 -1
0 23.173178 9.210979 4.000000 0.529223 0.000000 -1
0 22.000000 5.000000 7.500000 0.529223 0.000000 -1
0 1.173177 27.210979 3.999999 0.556972 0.000000 -1
0 -1.500000 28.000000 2.999998 0.556972 0.000000 -1
0 -1.173177 27.210979 3.999999 0.556972 0.000000 -1
0 8.000000 21.500000 2.999999 0.556972 0.000000 -1
0 1.500000 28.000000 2.999998 0.556972 0.000000 -1
0 -18.826822 9.210979 4.000000 0.556972 0.000000 -1
0 -23.500000 10.000000 3.000000 0.556972 0.000000 -1
0 -23.173178 9.210979 4.000000 0.556972 0.000000 -1
0 -27.210979 5.173177 4.000000 0.556972 0.000000 -1
0 27.210979 0.826823 4.000001 0.556972 0.000000 -1
0 28.000000 0.500000 3.000000 0.556972 0.000000 -1
0 27.210979 5.173177 4.000000 0.556972 0.000000 -1
0 23.173178 9.210979 4.000000 0.556972 0.000000 -1
0 23.500000 10.000000 3.000000 0.556972 0.000000 -1
0 7.210979 21.173178 3.999999 0.556972 0.000000 -1
0 8.000000 -0.500000 3.000000 0.556972 0.000000 -1
0 0.000000 -26.384157 4.000002 0.556972 0.000000 -1
0 -28.000000 0.500000 3.000000 0.556972 0.000000 -1
0 0.000000 -27.500000 3.000002 0.556972 0.000000 -1
0 -7.210979 21.173178 3.999999 0.556972 0.000000 -1
0 -8.000000 -0.500000 3.000000 0.556972 0.000000 -1
0 -7.210979 -2.404864 4.000001 0.556972 0.000000 -1
0 -8.000000 21.500000 2.999999 0.556972 0.000000 -1
0 -27.210979 0.826823 4.000001 0.556972 0.000000 -1
0 18.826822 9.210979 4.000000 0.556972 0.000000 -1
0 -18.500000 10.000000 3.000000 0.556972 0.000000 -1
0 7.210979 -2.404864 4.000000 0.556972 0.000000 -1
0 28.000000 5.500000 3.000000 0.556972 0.000000 -1
0 -28.000000 5.500000 3.000000 0.556972 0.000000 -1
0 18.500000 10.000000 3.000000 0.556972 0.000000 -1
0 -3.000000 17.585787 6.500000 0.501879 0.000000 -1
0 -0.585786 20.000000 6.499999 0.501879 0.000000 -1
0 -1.000000 21.000000 7.499999 0.501879 0.000000 -1
0 -4.000000 18.000000 7.500000 0.501879 0.000000 -1
0 -0.000000 6.914214 6.500000 0.501879 0.000000 -1
0 -3.000000 9.914213 6.500001 0.501879 0.000000 -1
0 -4.000000 9.500000 7.500001 0.501879 0.000000 -1
0 0.000000 5.500000 7.500000 0.501879 0.000000 -1
0 3.000000 9.914213 6.500000 0.501879 0.000000 -1
0 4.000000 9.500000 7.500000 0.501879 0.000000 -1
0 3.000000 17.585787 6.499999 0.501879 0.000000 -1
0 4.000000 18.000000 7.499999 0.501879 0.000000 -1
0 0.585786 20.000000 6.499999 0.501879 0.000000 -1
0 1.000000 21.000000 7.499999 0.501879 0.000000 -1
0 3.000000 -4.085786 6.500000 0.505693 0.000000 -1
0 0.000000 -7.085786 6.500000 0.505693 0.000000 -1
0 0.000000 -8.500000 7.500000 0.505693 0.000000 -1
0 4.000000 -4.500000 7.500000 0.505693 0.000000 -1
0 0.000000 0.585786 6.500000 0.505693 0.000000 -1
0 3.000000 3.585787 6.500000 0.505693 0.000000 -1
0 4.000000 6.000000 7.500000 0.505693 0.000000 -1
0 0.000000 2.000000 7.500000 0.505693 0.000000 -1
0 -3.000000 -4.085786 6.500000 0.505693 0.000000 -1
0 -4.000000 -4.500000 7.500000 0.505693 0.000000 -1
0 -3.000000 3.585787 6.500000 0.505693 0.000000 -1
0 -4.000000 6.000000 7.500000 0.505693 0.000000 -1
0 -21.585787 4.000000 6.500000 0.509899 0.000000 -1
0 -19.914213 4.000000 6.500000 0.509899 0.000000 -1
0 -19.500000 5.000000 7.500000 0.509899 0.000000 -1
0 -22.000000 5.000000 7.500000 0.509899 0.000000 -1
0 22.000000 3.585786 6.500000 0.509899 0.000000 -1
0 22.000000 1.914213 6.500000 0.509899 0.000000 -1
0 23.000000 1.500000 7.500000 0.509899 0.000000 -1
0 23.000000 4.000000 7.500000 0.509899 0.000000 -1
0 21.585787 4.000000 6.500000 0.509899 0.000000 -1
0 22.000000 5.000000 7.500000 0.509899 0.000000 -1
0 -22.000000 3.585786 6.500000 0.509899 0.000000 -1
0 -23.000000 4.000000 7.500000 0.509899 0.000000 -1
0 -22.000000 1.914213 6.500000 0.509899 0.000000 -1
0 -23.000000 1.500000 7.500000 0.509899 0.000000 -1
0 0.000000 -20.085787 6.500001 0.509899 0.000000 -1
0 0.000000 -21.500000 7.500001 0.509899 0.000000 -1
0 0.000000 -12.914213 6.500001 0.509899 0.000000 -1
0 5.914214 -7.000000 6.500000 0.509899 0.000000 -1
0 5.500000 -6.000000 7.500000 0.509899 0.000000 -1
0 0.000000 -11.500000 7.500001 0.509899 0.000000 -1
0 8.914213 -7.000000 6.500000 0.509899 0.000000 -1
0 19.914213 4.000000 6.500000 0.509899 0.000000 -1
0 19.500000 5.000000 7.500000 0.509899 0.000000 -1
0 8.500000 -6.000000 7.500000 0.509899 0.000000 -1
0 -8.914213 -7.000000 6.500000 0.509899 0.000000 -1
0 -5.914214 -7.000000 6.500000 0.509899 0.000000 -1
0 -5.500000 -6.000000 7.500000 0.509899 0.000000 -1
0 -8.500000 -6.000000 7.500000 0.509899 0.000000 -1
60
0.063500 0.038100 0.997300
0.243200 0.619700 0.746200
-0.243200 0.619700 0.746200
-0.063500 0.038100 0.997300
-0.650400 0.286000 0.703700
-0.157600 0.008700 0.987500
-0.183300 0.408500 0.894100
0.003100 0.246900 0.969000
-0.000000 -0.424500 0.905400
-0.000000 0.155600 0.987800
-0.157900 0.133100 0.978500
-0.388100 -0.046600 0.920400
0.157900 0.133100 0.978500
0.157600 0.008700 0.987500
0.650400 0.286000 0.703700
0.388100 -0.046600 0.920400
-0.003100 0.246900 0.969000
-0.083500 0.121100 0.989100
-0.264600 0.662900 0.700500
0.183300 0.408500 0.894100
0.066200 -0.153000 0.986000
0.236900 -0.009400 0.971500
-0.236900 -0.009400 0.971500
-0.066200 -0.153000 0.986000
0.264600 0.662800 0.700500
0.083500 0.121100 0.989100
-0.266700 0.656100 0.706000
-0.063600 0.112700 0.991600
-0.656100 0.266700 0.706000
-0.112700 0.063600 0.991600
-0.121100 -0.083500 0.989100
-0.662900 -0.264600 0.700500
-0.000000 -0.641100 0.767400
-0.000000 -0.270700 0.962700
0.662900 -0.264600 0.700500
0.121100 -0.083500 0.989100
0.656100 0.266700 0.706000
0.112700 0.063600 0.991600
0.266700 0.656100 0.706000
0.063600 0.112700 0.991600
-0.291000 0.702500 0.649400
0.702500 0.291000 0.649400
0.291000 0.702500 0.649400
0.702500 -0.291000 0.649400
0.167000 0.403200 0.899800
-0.702500 -0.291000 0.649400
-0.000000 -0.667400 0.744700
-0.167000 0.403200 0.899800
-0.702500 0.291000 0.649400
0.626900 -0.259700 0.734500
0.259700 -0.626900 0.734500
-0.000000 0.577300 0.816500
0.626900 0.259700 0.734500
-0.626900 0.259700 0.734500
-0.626900 -0.259700 0.734500
-0.259700 -0.626900 0.734500
-0.000000 0.577400 0.816500
-0.000000 -0.577400 0.816500
-0.136800 -0.330200 0.933900
0.136800 -0.330200 0.933900
130
0 0 1 2 0 1 2 1
0 2 3 0 2 3 0 1
0 4 5 2 4 5 2 1
0 6 7 4 6 7 4 1
0 8 9 10 8 9 10 1
0 10 11 8 10 11 8 1
0 9 8 12 9 8 12 1
0 13 14 1 13 14 1 1
0 13 1 0 13 1 0 1
0 14 13 12 14 13 12 1
0 14 12 15 14 12 15 1
0 14 15 16 14 15 16 1
0 17 18 19 17 18 19 1
0 20 17 19 20 17 19 1
0 21 20 19 21 20 19 1
0 16 21 19 16 21 19 1
0 21 16 22 21 16 8 1
0 7 23 22 7 22 8 1
0 7 22 24 7 8 9 1
0 6 23 7 6 22 7 1
0 6 25 23 6 23 22 1
0 26 27 25 24 25 23 1
0 25 6 26 23 6 24 1
0 26 28 27 24 26 25 1
0 28 29 27 26 27 25 1
0 30 31 29 28 29 27 1
0 29 28 30 27 26 28 1
0 30 32 31 28 30 29 1
0 30 33 32 28 31 30 1
0 34 35 32 32 33 30 1
0 32 33 34 30 31 32 1
0 34 36 37 32 34 35 1
0 34 37 35 32 35 33 1
0 36 38 37 34 36 35 1
0 38 39 37 36 37 35 1
0 40 41 39 38 39 37 1
0 40 39 38 38 37 36 1
0 17 41 40 17 39 38 1
0 17 40 18 17 38 18 1
0 16 24 22 16 9 8 1
0 14 16 19 14 16 19 1
0 5 3 2 5 3 2 1
0 4 7 11 4 7 11 1
0 4 11 10 4 11 10 1
0 4 10 5 4 10 5 1
0 42 43 44 1 40 2 1
0 42 45 46 1 41 42 1
0 47 48 49 24 40 26 1
0 49 48 50 26 40 28 1
0 51 52 53 34 43 36 1
0 54 53 55 38 36 42 1
0 56 57 45 14 44 41 1
0 58 59 60 32 45 46 1
0 61 62 63 4 47 6 1
0 61 44 64 4 2 48 1
0 50 59 65 28 45 31 1
0 58 52 51 32 43 34 1
0 54 55 66 38 42 18 1
0 47 62 67 24 47 42 1
0 66 57 68 18 44 19 1
0 8 15 12 8 15 12 1
0 42 46 43 1 42 40 1
0 42 56 45 1 14 41 1
0 47 67 48 24 42 40 1
0 52 69 53 43 41 36 1
0 48 70 50 40 48 28 1
0 56 68 57 14 19 44 1
0 58 65 59 32 31 45 1
0 61 64 62 4 48 47 1
0 55 71 66 42 40 18 1
0 50 70 59 28 48 45 1
0 58 60 52 32 46 43 1
0 53 69 55 36 41 42 1
0 47 63 62 24 6 47 1
0 66 71 57 18 40 44 1
0 44 43 64 2 40 48 1
0 72 73 74 49 50 3 1
0 72 74 75 49 3 5 1
0 76 77 78 51 52 10 1
0 76 78 79 51 10 9 1
0 80 76 79 53 51 9 1
0 80 79 81 53 9 12 1
0 82 80 81 54 53 12 1
0 82 81 83 54 12 13 1
0 77 72 75 52 49 5 1
0 77 75 78 52 5 10 1
0 84 82 83 55 54 13 1
0 84 83 85 55 13 0 1
0 73 84 85 50 55 0 1
0 73 85 74 50 0 3 1
0 86 87 88 53 56 9 1
0 86 88 89 53 9 16 1
0 90 91 92 57 58 15 1
0 90 92 93 57 15 8 1
0 87 94 95 56 52 7 1
0 87 95 88 56 7 9 1
0 91 86 89 58 53 16 1
0 91 89 92 58 16 15 1
0 94 96 97 52 59 11 1
0 94 97 95 52 11 7 1
0 96 90 93 59 57 8 1
0 96 93 97 59 8 11 1
0 98 99 100 50 55 25 1
0 98 100 101 50 25 27 1
0 102 103 104 54 53 35 1
0 102 104 105 54 35 37 1
0 106 102 105 55 54 37 1
0 106 105 107 55 37 39 1
0 108 98 101 49 50 27 1
0 108 101 109 49 27 29 1
0 110 108 109 52 49 29 1
0 110 109 111 52 29 30 1
0 112 110 111 56 52 30 1
0 112 111 113 56 30 33 1
0 103 112 113 53 56 33 1
0 103 113 104 53 33 35 1
0 114 115 116 57 50 21 1
0 114 116 117 57 21 8 1
0 118 119 120 50 50 17 1
0 118 120 121 50 17 20 1
0 122 123 124 55 55 22 1
0 122 124 125 55 22 23 1
0 115 118 121 50 50 20 1
0 115 121 116 50 20 21 1
0 119 106 107 50 55 39 1
0 119 107 120 50 39 17 1
0 99 122 125 55 55 23 1
0 99 125 100 55 23 25 1
0 123 114 117 55 57 8 1
0 123 117 124 55 8 22 1
"inner" 0 2
27
0 0.000000 -8.500000 7.500000 0.505693 0.003691 -1
0 4.000000 -4.500000 7.500000 0.505693 0.003691 -1
0 4.000000 6.000000 7.500000 0.505693 0.003691 -1
0 1.000000 21.000000 7.499999 0.501879 0.003691 -1
0 -1.000000 21.000000 7.499999 0.501879 0.003691 -1
0 -4.000000 18.000000 7.500000 0.501879 0.003691 -1
0 4.000000 18.000000 7.499999 0.501879 0.003691 -1
0 -4.000000 9.500000 7.500001 0.501879 0.003691 -1
0 4.000000 9.500000 7.500000 0.501879 0.003691 -1
0 0.000000 5.500000 7.500000 0.501879 0.003691 -1
0 0.000000 2.000000 7.500000 0.505693 0.003691 -1
0 -4.000000 6.000000 7.500000 0.505693 0.003691 -1
0 -4.000000 -4.500000 7.500000 0.505693 0.003691 -1
0 0.000000 -21.500000 7.500001 0.509899 0.003691 -1
0 8.500000 -6.000000 7.500000 0.509899 0.003691 -1
0 0.000000 -11.500000 7.500001 0.509899 0.003691 -1
0 -8.500000 -6.000000 7.500000 0.509899 0.003691 -1
0 23.000000 4.000000 7.500000 0.509899 0.003691 -1
0 22.000000 5.000000 7.500000 0.509899 0.003691 -1
0 19.500000 5.000000 7.500000 0.509899 0.003691 -1
0 23.000000 1.500000 7.500000 0.509899 0.003691 -1
0 -19.500000 5.000000 7.500000 0.509899 0.003691 -1
0 -22.000000 5.000000 7.500000 0.509899 0.003691 -1
0 -23.000000 4.000000 7.500000 0.509899 0.003691 -1
0 -23.000000 1.500000 7.500000 0.509899 0.003691 -1
0 5.500000 -6.000000 7.500000 0.509899 0.003691 -1
0 -5.500000 -6.000000 7.500000 0.509899 0.003691 -1
1
-0.000000 -0.000000 1.000000
21
0 0 1 2 0 0 0 1
0 3 4 5 0 0 0 1
0 5 6 3 0 0 0 1
0 7 8 6 0 0 0 1
0 7 6 5 0 0 0 1
0 7 9 8 0 0 0 1
0 10 0 2 0 0 0 1
0 0 10 11 0 0 0 1
0 11 12 0 0 0 0 1
0 13 14 15 0 0 0 1
0 13 15 16 0 0 0 1
0 17 18 19 0 0 0 1
0 19 20 17 0 0 0 1
0 21 22 23 0 0 0 1
0 21 23 24 0 0 0 1
0 13 16 21 0 0 0 1
0 21 24 13 0 0 0 1
0 19 14 13 0 0 0 1
0 13 20 19 0 0 0 1
0 15 14 25 0 0 0 1
0 15 26 16 0 0 0 1
"shine" 0 3
129
0 18.500000 10.000000 3.099999 0.058594 0.416667 -1
0 10.000000 4.000000 0.100000 0.058594 0.466667 -1
0 8.000000 -0.500000 3.100000 0.058594 0.504167 -1
0 -8.000000 -0.500000 3.100000 0.058594 0.504167 -1
0 -10.000000 22.000000 0.099996 0.058594 0.316667 -1
0 -10.000000 4.000000 0.100000 0.058594 0.466667 -1
0 1.500000 28.000000 3.099996 0.058594 0.266667 -1
0 2.000000 30.000000 0.099996 0.058594 0.250000 -1
0 -2.000000 30.000000 0.099996 0.058594 0.250000 -1
0 -1.500000 28.000000 3.099996 0.058594 0.266667 -1
0 8.000000 21.500000 3.099997 0.058594 0.320833 -1
0 10.000000 22.000000 0.099996 0.058594 0.316667 -1
0 18.000000 12.000000 0.099998 0.058594 0.400000 -1
0 23.500000 10.000000 3.099999 0.058594 0.416667 -1
0 24.000000 12.000000 0.099998 0.058594 0.400000 -1
0 -18.500000 10.000000 3.099999 0.058594 0.416667 -1
0 -18.000000 12.000000 0.099998 0.058594 0.400000 -1
0 -8.000000 21.500000 3.099997 0.058594 0.320833 -1
0 28.000000 5.500000 3.099999 0.058594 0.454167 -1
0 30.000000 6.000000 0.100000 0.058594 0.450000 -1
0 30.000000 0.000000 0.100000 0.058594 0.500000 -1
0 28.000000 0.500000 3.100000 0.058594 0.495833 -1
0 0.000000 -27.500000 3.100004 0.058594 0.729167 -1
0 0.000000 -30.000000 0.100004 0.058594 0.750000 -1
0 -28.000000 0.500000 3.100000 0.058594 0.495833 -1
0 -30.000000 0.000000 0.100000 0.058594 0.500000 -1
0 -28.000000 5.500000 3.099999 0.058594 0.454167 -1
0 -30.000000 6.000000 0.100000 0.058594 0.450000 -1
0 -23.500000 10.000000 3.099999 0.058594 0.416667 -1
0 -24.000000 12.000000 0.099998 0.058594 0.400000 -1
0 0.000000 -8.499999 7.600000 0.505801 0.575901 -1
0 4.000000 -4.500000 7.600000 0.505801 0.543468 -1
0 4.000000 6.000000 7.599999 0.505801 0.458334 -1
0 1.000000 21.000000 7.599998 0.505801 0.336712 -1
0 -1.000000 21.000000 7.599998 0.505801 0.336712 -1
0 -4.000000 18.000000 7.599998 0.505801 0.361036 -1
0 4.000000 18.000000 7.599998 0.505801 0.361036 -1
0 -4.000000 9.500001 7.600000 0.505801 0.429955 -1
0 4.000000 9.500001 7.599999 0.505801 0.429955 -1
0 0.000000 5.500000 7.599999 0.505801 0.462387 -1
0 0.000000 2.000000 7.600000 0.505801 0.490766 -1
0 -4.000000 6.000000 7.599999 0.505801 0.458334 -1
0 -4.000000 -4.500000 7.600000 0.505801 0.543468 -1
0 0.000000 -21.500000 7.600002 0.505801 0.681306 -1
0 8.500000 -6.000000 7.600000 0.505801 0.555631 -1
0 0.000000 -11.499999 7.600002 0.505801 0.600225 -1
0 -8.500000 -6.000000 7.600000 0.505801 0.555631 -1
0 23.000000 4.000000 7.599999 0.505801 0.474550 -1
0 22.000000 5.000000 7.599999 0.505801 0.466442 -1
0 19.500000 5.000000 7.599999 0.505801 0.466442 -1
0 23.000000 1.500001 7.600000 0.505801 0.494820 -1
0 -19.500000 5.000000 7.599999 0.505801 0.466442 -1
0 -22.000000 5.000000 7.599999 0.505801 0.466442 -1
0 -23.000000 4.000000 7.599999 0.505801 0.474550 -1
0 -23.000000 1.500001 7.600000 0.505801 0.494820 -1
0 5.500000 -6.000000 7.600000 0.505801 0.555631 -1
0 -5.500000 -6.000000 7.600000 0.505801 0.555631 -1
0 1.000000 21.000000 7.599998 0.530090 0.311591 -1
0 1.173177 27.210979 4.099997 0.530090 0.255636 -1
0 -1.173177 27.210979 4.099997 0.530090 0.255636 -1
0 -1.000000 21.000000 7.599998 0.530090 0.311591 -1
0 -7.210979 21.173178 4.099998 0.530090 0.310031 -1
0 -4.000000 18.000000 7.599998 0.530090 0.338618 -1
0 -7.210979 -2.404864 4.100001 0.530090 0.522446 -1
0 -4.000000 -4.500000 7.600000 0.530090 0.541321 -1
0 0.000000 2.000000 7.600000 0.530090 0.482762 -1
0 0.000000 5.500000 7.599999 0.530090 0.451231 -1
0 -4.000000 9.500001 7.600000 0.530090 0.415195 -1
0 -4.000000 6.000000 7.599999 0.530090 0.446726 -1
0 4.000000 9.500001 7.599999 0.530090 0.415195 -1
0 4.000000 18.000000 7.599998 0.530090 0.338618 -1
0 7.210979 21.173178 4.099998 0.530090 0.310031 -1
0 4.000000 6.000000 7.599999 0.530090 0.446726 -1
0 4.000000 -4.500000 7.600000 0.530090 0.541321 -1
0 19.500000 5.000000 7.599999 0.530090 0.455735 -1
0 18.826822 9.210979 4.099999 0.530090 0.417798 -1
0 7.210979 -2.404864 4.100000 0.530090 0.522446 -1
0 8.500000 -6.000000 7.600000 0.530090 0.554834 -1
0 5.500000 -6.000000 7.600000 0.530090 0.554834 -1
0 0.000000 -11.499999 7.600002 0.530090 0.604384 -1
0 -5.500000 -6.000000 7.600000 0.530090 0.554834 -1
0 0.000000 -8.499999 7.600000 0.530090 0.577357 -1
0 -8.500000 -6.000000 7.600000 0.530090 0.554834 -1
0 -18.826822 9.210979 4.099999 0.530090 0.417798 -1
0 -19.500000 5.000000 7.599999 0.530090 0.455735 -1
0 -23.173178 9.210979 4.099999 0.530090 0.417798 -1
0 -22.000000 5.000000 7.599999 0.530090 0.455735 -1
0 -27.210979 5.173177 4.099999 0.530090 0.454175 -1
0 -23.000000 4.000000 7.599999 0.530090 0.464744 -1
0 -23.000000 1.500001 7.600000 0.530090 0.487267 -1
0 -27.210979 0.826823 4.100001 0.530090 0.493331 -1
0 0.000000 -26.384157 4.100004 0.530090 0.738475 -1
0 0.000000 -21.500000 7.600002 0.530090 0.694474 -1
0 27.210979 0.826823 4.100001 0.530090 0.493331 -1
0 23.000000 1.500001 7.600000 0.530090 0.487267 -1
0 27.210979 5.173177 4.099999 0.530090 0.454175 -1
0 23.000000 4.000000 7.599999 0.530090 0.464744 -1
0 23.173178 9.210979 4.099999 0.530090 0.417798 -1
0 22.000000 5.000000 7.599999 0.530090 0.455735 -1
0 1.173177 27.210979 4.099997 0.556906 0.257108 -1
0 -1.500000 28.000000 3.099996 0.556906 0.250000 -1
0 -1.173177 27.210979 4.099997 0.556906 0.257108 -1
0 8.000000 21.500000 3.099997 0.556906 0.308559 -1
0 1.500000 28.000000 3.099996 0.556906 0.250000 -1
0 -18.826822 9.210979 4.099999 0.556906 0.419270 -1
0 -23.500000 10.000000 3.099999 0.556906 0.412162 -1
0 -23.173178 9.210979 4.099999 0.556906 0.419270 -1
0 -27.210979 5.173177 4.099999 0.556906 0.455647 -1
0 27.210979 0.826823 4.100001 0.556906 0.494803 -1
0 28.000000 0.500000 3.100000 0.556906 0.497748 -1
0 27.210979 5.173177 4.099999 0.556906 0.455647 -1
0 23.173178 9.210979 4.099999 0.556906 0.419270 -1
0 23.500000 10.000000 3.099999 0.556906 0.412162 -1
0 7.210979 21.173178 4.099998 0.556906 0.311503 -1
0 8.000000 -0.500000 3.100000 0.556906 0.506757 -1
0 0.000000 -26.384157 4.100004 0.556906 0.739947 -1
0 -28.000000 0.500000 3.100000 0.556906 0.497748 -1
0 0.000000 -27.500000 3.100004 0.556906 0.750000 -1
0 -7.210979 21.173178 4.099998 0.556906 0.311503 -1
0 -8.000000 -0.500000 3.100000 0.556906 0.506757 -1
0 -7.210979 -2.404864 4.100001 0.556906 0.523918 -1
0 -8.000000 21.500000 3.099997 0.556906 0.308559 -1
0 -27.210979 0.826823 4.100001 0.556906 0.494803 -1
0 18.826822 9.210979 4.099999 0.556906 0.419270 -1
0 -18.500000 10.000000 3.099999 0.556906 0.412162 -1
0 7.210979 -2.404864 4.100000 0.556906 0.523918 -1
0 28.000000 5.500000 3.099999 0.556906 0.452703 -1
0 -28.000000 5.500000 3.099999 0.556906 0.452703 -1
0 18.500000 10.000000 3.099999 0.556906 0.412162 -1
79
-0.616900 0.603500 0.505200
-0.612700 0.608600 0.504200
0.839700 -0.011100 0.543000
-0.839600 -0.011200 0.543100
-0.833000 -0.013200 0.553200
0.612800 0.608400 0.504300
0.010300 0.831200 0.555900
0.598600 0.616900 0.511000
-0.593400 0.620600 0.512600
-0.015300 0.830800 0.556400
0.603500 0.616900 0.505200
0.833000 -0.013200 0.553100
0.013200 0.833000 0.553100
0.015300 0.830800 0.556400
0.593400 0.620600 0.512600
-0.603500 0.616900 0.505200
0.830800 0.015300 0.556400
0.620500 0.593400 0.512600
0.620600 -0.593400 0.512600
0.830800 -0.015300 0.556400
-0.120600 -0.991500 0.048300
-0.130900 -0.227700 0.964900
-0.830800 -0.015300 0.556400
-0.620600 -0.593400 0.512600
-0.831200 0.010300 0.555900
-0.616800 0.598600 0.511000
-0.616800 0.603600 0.505200
-0.000000 -0.000000 1.000000
-0.180100 -0.385400 0.905000
0.179800 0.505200 0.844100
-0.176300 0.498800 0.848600
0.196000 -0.438200 0.877200
-0.578600 0.277200 0.767000
0.369800 -0.136800 0.919000
-0.173500 0.405300 0.897600
-0.500900 0.211400 0.839300
-0.000000 -0.067200 0.997700
0.000100 0.477500 0.878600
-0.743500 0.014400 0.668500
0.019500 -0.147200 0.988900
0.743400 0.014200 0.668700
-0.369400 -0.137400 0.919000
0.578600 0.277200 0.767000
-0.019500 -0.147300 0.988900
0.500900 0.211400 0.839300
-0.335400 0.684800 0.647000
-0.295000 0.708400 0.641300
0.174100 0.405500 0.897300
-0.196000 0.482200 0.853900
0.031400 -0.409200 0.911900
-0.000000 -0.067300 0.997700
-0.031400 -0.409200 0.911900
0.000100 0.477400 0.878700
0.207100 0.510300 0.834700
0.231300 0.611200 0.756900
-0.160200 -0.363600 0.917700
-0.233600 0.591600 0.771600
0.158800 -0.370100 0.915300
-0.593800 0.234700 0.769700
0.426200 -0.180100 0.886500
-0.684700 -0.335600 0.646900
-0.609900 -0.230500 0.758200
-0.000000 -0.595600 0.803300
0.000100 0.348800 0.937200
0.609900 -0.230500 0.758200
0.684800 -0.335500 0.646900
0.595300 0.235500 0.768200
-0.370100 -0.158800 0.915300
0.232900 0.590300 0.772900
-0.180100 -0.426200 0.886500
-0.291000 0.702500 0.649400
0.702500 0.291000 0.649400
0.291000 0.702500 0.649400
0.702500 -0.291000 0.649400
0.167000 0.403200 0.899800
-0.702500 -0.291000 0.649400
-0.000000 -0.667400 0.744700
-0.167000 0.403200 0.899800
-0.702500 0.291000 0.649400
127
0 0 1 2 0 1 2 1
0 3 4 5 3 4 5 1
0 6 7 8 6 7 8 1
0 9 6 8 9 6 8 1
0 10 11 7 10 11 7 1
0 7 6 10 7 6 10 1
0 11 10 2 11 10 2 1
0 0 12 1 0 12 1 1
0 13 14 12 6 7 12 1
0 12 0 13 12 0 6 1
0 15 5 16 13 5 14 1
0 3 17 4 3 15 4 1
0 17 9 8 15 9 8 1
0 17 8 4 15 8 4 1
0 18 19 14 16 17 7 1
0 14 13 18 7 6 16 1
0 20 19 18 18 17 16 1
0 18 21 20 16 19 18 1
0 22 23 20 20 21 18 1
0 20 21 22 18 19 20 1
0 22 24 25 20 22 23 1
0 25 23 22 23 21 20 1
0 26 27 25 24 25 23 1
0 25 24 26 23 22 24 1
0 28 29 27 26 12 25 1
0 27 26 28 25 24 26 1
0 15 16 29 13 14 12 1
0 29 28 15 12 26 13 1
0 1 11 2 1 11 2 1
0 3 5 15 3 5 13 1
0 30 31 32 27 27 27 1
0 33 34 35 27 27 27 1
0 35 36 33 27 27 27 1
0 37 38 36 27 27 27 1
0 37 36 35 27 27 27 1
0 37 39 38 27 27 27 1
0 40 30 32 27 27 27 1
0 30 40 41 27 27 27 1
0 41 42 30 27 27 27 1
0 43 44 45 27 27 27 1
0 43 45 46 27 27 27 1
0 47 48 49 27 27 27 1
0 49 50 47 27 27 27 1
0 51 52 53 27 27 27 1
0 51 53 54 27 27 27 1
0 43 46 51 27 27 27 1
0 51 54 43 27 27 27 1
0 49 44 43 27 27 27 1
0 43 50 49 27 27 27 1
0 45 44 55 27 27 27 1
0 45 56 46 27 27 27 1
0 57 58 59 28 29 30 1
0 59 60 57 30 31 28 1
0 61 62 59 32 33 30 1
0 63 64 61 34 35 32 1
0 65 66 67 36 37 38 1
0 67 68 65 38 39 36 1
0 66 65 69 37 36 40 1
0 70 71 58 41 42 29 1
0 70 58 57 41 29 28 1
0 71 70 69 42 41 40 1
0 71 69 72 42 40 43 1
0 71 72 73 42 43 44 1
0 74 75 76 45 46 47 1
0 77 74 76 48 45 47 1
0 78 77 76 49 48 47 1
0 73 78 76 44 49 47 1
0 78 73 79 49 44 50 1
0 64 80 79 35 51 50 1
0 64 79 81 35 50 52 1
0 63 80 64 34 51 35 1
0 63 82 80 34 53 51 1
0 83 84 82 54 55 53 1
0 82 63 83 53 34 54 1
0 83 85 84 54 56 55 1
0 85 86 84 56 57 55 1
0 87 88 86 58 59 57 1
0 86 85 87 57 56 58 1
0 87 89 88 58 60 59 1
0 87 90 89 58 61 60 1
0 91 92 89 62 63 60 1
0 89 90 91 60 61 62 1
0 91 93 94 62 64 65 1
0 91 94 92 62 65 63 1
0 93 95 94 64 66 65 1
0 95 96 94 66 67 65 1
0 97 98 96 68 69 67 1
0 97 96 95 68 67 66 1
0 74 98 97 45 69 68 1
0 74 97 75 45 68 46 1
0 73 81 79 44 52 50 1
0 71 73 76 42 44 47 1
0 62 60 59 33 31 30 1
0 61 64 68 32 35 39 1
0 61 68 67 32 39 38 1
0 61 67 62 32 38 33 1
0 99 100 101 29 70 30 1
0 99 102 103 29 71 72 1
0 104 105 106 54 70 56 1
0 106 105 107 56 70 58 1
0 108 109 110 64 73 66 1
0 111 110 112 68 66 72 1
0 113 114 102 42 74 71 1
0 115 116 117 62 75 76 1
0 118 119 120 32 77 34 1
0 118 101 121 32 30 78 1
0 107 116 122 58 75 61 1
0 115 109 108 62 73 64 1
0 111 112 123 68 72 46 1
0 104 119 124 54 77 72 1
0 123 114 125 46 74 47 1
0 65 72 69 36 43 40 1
0 99 103 100 29 72 70 1
0 99 113 102 29 42 71 1
0 104 124 105 54 72 70 1
0 109 126 110 73 71 66 1
0 105 127 107 70 78 58 1
0 113 125 114 42 47 74 1
0 115 122 116 62 61 75 1
0 118 121 119 32 78 77 1
0 112 128 123 72 70 46 1
0 107 127 116 58 78 75 1
0 115 117 109 62 76 73 1
0 110 126 112 66 71 72 1
0 104 120 119 54 34 77 1
0 123 128 114 46 70 74 1
0 101 100 121 30 70 78 1

Materials: 4
"frame"
0.000000 0.000000 0.000000 1.000000
1.000000 1.000000 1.000000 1.000000
1.000000 1.000000 1.000000 1.000000
0.000000 0.000000 0.000000 1.000000
0.000000
1.000000
"textures/Frame 4th ani texture.ini"
""
"parts"
0.000000 0.000000 0.000000 1.000000
1.000000 1.000000 1.000000 1.000000
1.000000 1.000000 1.000000 1.000000
0.000000 0.000000 0.000000 1.000000
0.000000
1.000000
"textures/Tap Note 4th ani texture.ini"
""
"center"
0.000000 0.000000 0.000000 1.000000
1.000000 1.000000 1.000000 1.000000
1.000000 1.000000 1.000000 1.000000
0.000000 0.000000 0.000000 1.000000
0.000000
1.000000
"textures/Tap Center 4th ani texture.ini"
""
"shine"
0.000000 0.000000 0.000000 1.000000
1.000000 1.000000 1.000000 1.000000
1.000000 1.000000 1.000000 1.000000
0.000000 0.000000 0.000000 1.000000
0.000000
1.000000
"textures/Tap Shine 4th ani texture.ini"
""
