// MilkShape 3D ASCII

Frames: 30
Frame: 1

Meshes: 2
"center" 0 1
52
0 -0.000048 7.930851 4.000000 0.125782 0.794148 0
0 -14.720474 22.550497 4.000000 0.501426 0.793380 0
0 -0.000048 0.000000 7.021670 0.024243 0.733722 0
0 -14.720474 22.550497 4.000000 0.109633 0.322066 0
0 -14.600368 25.769884 1.000000 0.017575 0.314723 0
0 -25.858728 14.598127 1.000000 0.015003 0.364044 0
0 -22.617950 14.713770 4.000000 0.107829 0.356663 0
0 -11.210608 0.000000 1.000000 0.883705 0.363934 0
0 -7.853792 -0.000000 4.000000 0.983413 0.356553 0
0 -7.853792 -0.000000 4.000000 0.987446 0.318404 0
0 -11.210608 0.000000 1.000000 0.887242 0.309315 0
0 -25.858728 -14.598127 1.000000 0.014206 0.309180 0
0 -22.617950 -14.713770 4.000000 0.107495 0.318268 0
0 -14.600368 -25.769884 1.000000 0.016791 0.369913 0
0 -14.720474 -22.550497 4.000000 0.109309 0.360871 0
0 22.617907 14.713770 4.000000 0.108554 0.318827 0
0 25.858685 14.598127 1.000000 0.015518 0.310428 0
0 14.600324 25.769884 1.000000 0.018096 0.366558 0
0 14.720427 22.550501 4.000000 0.110363 0.358201 0
0 -0.000045 11.269519 0.000000 0.884438 0.366808 0
0 -0.000048 7.930851 4.000000 0.983832 0.358453 0
0 7.853748 -0.000000 4.000000 0.986126 0.318954 0
0 11.210564 0.000000 1.000000 0.886191 0.310553 0
0 22.617907 -14.713770 4.000000 0.108826 0.358531 0
0 25.858685 -14.598127 1.000000 0.015326 0.367008 0
0 11.210564 0.000000 1.000000 0.890341 0.366882 0
0 7.853748 -0.000000 4.000000 0.990773 0.358403 0
0 14.720427 -22.550501 4.000000 0.110644 0.318789 0
0 14.600324 -25.769884 1.000000 0.017917 0.310354 0
0 -0.000048 -7.930851 4.000000 0.988468 0.318534 0
0 -0.000045 -11.269519 1.000000 0.888579 0.310101 0
0 -0.000048 7.930851 4.000000 0.981122 0.321845 0
0 -0.000045 11.269519 0.000000 0.881954 0.314504 0
0 -0.000045 -11.269519 1.000000 0.885482 0.370184 0
0 -0.000048 -7.930851 4.000000 0.985145 0.361144 0
0 -0.000048 7.930851 4.000000 0.122561 0.675257 0
0 -0.000048 0.000000 7.021670 0.020355 0.735683 0
0 14.720427 22.550501 4.000000 0.500672 0.676025 0
0 -0.000048 0.000000 7.021670 0.023962 0.733875 0
0 -7.853792 -0.000000 4.000000 0.124247 0.793714 0
0 -22.617950 -14.713770 4.000000 0.500654 0.794098 0
0 7.853748 -0.000000 4.000000 0.123899 0.675786 0
0 -0.000048 0.000000 7.021670 0.022503 0.735625 0
0 22.617907 -14.713770 4.000000 0.504473 0.675402 0
0 -22.617950 14.713770 4.000000 0.502203 0.673500 0
0 -7.853792 -0.000000 4.000000 0.124795 0.673884 0
0 22.617907 14.713770 4.000000 0.501455 0.795906 0
0 7.853748 -0.000000 4.000000 0.121568 0.795522 0
0 14.720427 -22.550501 4.000000 0.503689 0.795283 0
0 -0.000048 -7.930851 4.000000 0.124894 0.796051 0
0 -14.720474 -22.550497 4.000000 0.499879 0.674217 0
0 -0.000048 -7.930851 4.000000 0.125232 0.673449 0
24
0.333400 0.335700 0.881000
-0.568000 0.572400 0.591500
-0.553900 -0.555800 0.619800
-0.553900 0.555800 0.619800
-0.568000 -0.572400 0.591500
0.568000 0.572400 0.591500
-0.595900 0.580900 0.554500
0.553900 -0.555800 0.619800
0.553900 0.555800 0.619800
0.568000 -0.572400 0.591500
-0.553000 -0.556900 0.619700
0.595900 0.580900 0.554500
0.553000 -0.556900 0.619700
-0.333400 0.335700 0.881000
-0.337800 0.339000 0.878000
0.337800 0.339000 0.878000
-0.337800 -0.339000 0.878000
-0.080200 0.080800 0.993500
0.080200 0.080800 0.993500
0.337800 -0.339000 0.878000
0.080200 -0.080800 0.993500
-0.333400 -0.335700 0.881000
-0.080200 -0.080800 0.993500
0.333400 -0.335700 0.881000
36
0 0 1 2 0 0 0 1
0 3 4 5 1 1 1 1
0 3 5 6 1 1 1 1
0 6 5 7 2 2 2 1
0 6 7 8 2 2 2 1
0 9 10 11 3 3 3 1
0 9 11 12 3 3 3 1
0 12 11 13 4 4 4 1
0 12 13 14 4 4 4 1
0 15 16 17 5 5 5 1
0 15 17 18 5 5 5 1
0 18 17 19 6 6 6 1
0 18 19 20 6 6 6 1
0 21 22 16 7 7 7 1
0 21 16 15 7 7 7 1
0 23 24 25 8 8 8 1
0 23 25 26 8 8 8 1
0 27 28 24 9 9 9 1
0 27 24 23 9 9 9 1
0 29 30 28 10 10 10 1
0 29 28 27 10 10 10 1
0 31 32 4 11 11 11 1
0 31 4 3 11 11 11 1
0 14 13 33 12 12 12 1
0 14 33 34 12 12 12 1
0 35 36 37 13 13 13 1
0 38 39 40 14 14 14 1
0 41 42 43 15 15 15 1
0 2 44 45 16 16 16 1
0 2 1 44 17 17 17 1
0 37 36 46 18 18 18 1
0 46 36 47 19 19 19 1
0 43 42 48 20 20 20 1
0 48 42 49 21 21 21 1
0 40 50 38 22 22 22 1
0 38 50 51 23 23 23 1
"outer" 0 0
48
0 -14.600368 25.769884 1.000000 0.988370 0.098511 0
0 -14.600000 27.500000 0.000000 0.988370 0.098511 0
0 -27.600000 14.600000 0.000000 0.011630 0.098511 0
0 -25.858728 14.598127 1.000000 0.011630 0.098511 0
0 -25.858728 14.598127 1.000000 0.988370 0.098511 0
0 -27.600000 14.600000 0.000000 0.988370 0.098511 0
0 -12.950000 0.000000 0.000000 0.011630 0.098511 0
0 -11.210608 0.000000 1.000000 0.011630 0.098511 0
0 -11.210608 0.000000 1.000000 0.988370 0.098511 0
0 -12.950000 0.000000 0.000000 0.988370 0.098511 0
0 -27.600000 -14.600000 0.000000 0.011630 0.098511 0
0 -25.858728 -14.598127 1.000000 0.011630 0.098511 0
0 -25.858728 -14.598127 1.000000 0.988370 0.098511 0
0 -27.600000 -14.600000 0.000000 0.988370 0.098511 0
0 -14.600000 -27.500000 0.000000 0.011630 0.098511 0
0 -14.600368 -25.769884 1.000000 0.011630 0.098511 0
0 25.858685 14.598127 1.000000 0.988370 0.098511 0
0 27.599957 14.600000 0.000000 0.988370 0.098511 0
0 14.599957 27.500000 0.000000 0.011630 0.098511 0
0 14.600324 25.769884 1.000000 0.011630 0.098511 0
0 14.600324 25.769884 1.000000 0.988370 0.098511 0
0 14.599957 27.500000 0.000000 0.988370 0.098511 0
0 -0.000044 13.000000 0.000000 0.011630 0.098511 0
0 -0.000045 11.269519 1.000000 0.011630 0.098511 0
0 11.210564 0.000000 1.000000 0.988370 0.098511 0
0 12.949956 0.000000 0.000000 0.988370 0.098511 0
0 27.599957 14.600000 0.000000 0.011630 0.098511 0
0 25.858685 14.598127 1.000000 0.011630 0.098511 0
0 25.858685 -14.598127 1.000000 0.988370 0.098511 0
0 27.599957 -14.600000 0.000000 0.988370 0.098511 0
0 12.949956 0.000000 0.000000 0.011630 0.098511 0
0 11.210564 0.000000 1.000000 0.011630 0.098511 0
0 14.600324 -25.769884 1.000000 0.988370 0.098511 0
0 14.599957 -27.500000 0.000000 0.988370 0.098511 0
0 27.599957 -14.600000 0.000000 0.011630 0.098511 0
0 25.858685 -14.598127 1.000000 0.011630 0.098511 0
0 -0.000045 -11.269519 1.000000 0.988370 0.098511 0
0 -0.000044 -13.000000 0.000000 0.988370 0.098511 0
0 14.599957 -27.500000 0.000000 0.011630 0.098511 0
0 14.600324 -25.769884 1.000000 0.011630 0.098511 0
0 -0.000045 11.269519 1.000000 0.988370 0.098511 0
0 -0.000044 13.000000 0.000000 0.988370 0.098511 0
0 -14.600000 27.500000 0.000000 0.011630 0.098511 0
0 -14.600368 25.769884 1.000000 0.011630 0.098511 0
0 -14.600368 -25.769884 1.000000 0.988370 0.098511 0
0 -14.600000 -27.500000 0.000000 0.988370 0.098511 0
0 -0.000044 -13.000000 0.000000 0.011630 0.098511 0
0 -0.000045 -11.269519 1.000000 0.011630 0.098511 0
12
-0.444800 0.448300 0.775400
-0.445800 -0.447300 0.775400
-0.445800 0.447300 0.775400
-0.444800 -0.448300 0.775400
0.444800 0.448300 0.775400
-0.445000 0.448100 0.775400
0.445800 -0.447300 0.775400
0.445800 0.447300 0.775400
0.444800 -0.448300 0.775400
-0.445000 -0.448100 0.775400
0.445000 0.448100 0.775400
0.445000 -0.448100 0.775400
24
0 0 1 2 0 0 0 1
0 0 2 3 0 0 0 1
0 4 5 6 1 1 1 1
0 4 6 7 1 1 1 1
0 8 9 10 2 2 2 1
0 8 10 11 2 2 2 1
0 12 13 14 3 3 3 1
0 12 14 15 3 3 3 1
0 16 17 18 4 4 4 1
0 16 18 19 4 4 4 1
0 20 21 22 5 5 5 1
0 20 22 23 5 5 5 1
0 24 25 26 6 6 6 1
0 24 26 27 6 6 6 1
0 28 29 30 7 7 7 1
0 28 30 31 7 7 7 1
0 32 33 34 8 8 8 1
0 32 34 35 8 8 8 1
0 36 37 38 9 9 9 1
0 36 38 39 9 9 9 1
0 40 41 42 10 10 10 1
0 40 42 43 10 10 10 1
0 44 45 46 11 11 11 1
0 44 46 47 11 11 11 1

Materials: 2
"white outer"
0.000000 0.000000 0.000000 1.000000
1.000000 1.000000 1.000000 1.000000
1.000000 1.000000 1.000000 1.000000
0.000000 0.000000 0.000000 1.000000
0.000000
1.000000
"_mine tex.png"
""
"red middle"
1.000000 1.000000 1.000000 1.000000
1.000000 1.000000 1.000000 1.000000
0.898039 0.898039 0.898039 1.000000
0.000000 0.000000 0.000000 1.000000
12.799999
1.000000
"_mine ani tex.ini"
""

Bones: 1
"joint1"
""
0 0 0 0 0 0 0
2
1.000000 0.000000 0.000000 0.000000
120.000000 0.000000 0.000000 0.000000
3
1.000000 0.000000 0.000000 0.000000
60.000000 0.000000 0.000000 3.1
120.000000 0.000000 0.000000 6.2

GroupComments: 0
MaterialComments: 0
BoneComments: 0
ModelComment: 0