// MilkShape 3D ASCII

Frames: 30
Frame: 1

Meshes: 3
"frame" 0 0
60
0 18.500000 10.000000 2.999999 0.005417 0.125262 -1
0 10.000000 4.000000 -0.000000 0.003553 0.238236 -1
0 8.000000 -0.500000 3.000000 0.004950 0.241387 -1
0 -8.000000 -0.500000 3.000000 0.012538 0.215607 -1
0 -10.000000 22.000000 -0.000004 0.012538 0.087107 -1
0 -10.000000 4.000000 -0.000000 0.012538 0.213231 -1
0 1.500000 28.000000 2.999996 0.009955 0.019807 -1
0 2.000000 30.000000 -0.000004 0.009955 0.019807 -1
0 -2.000000 30.000000 -0.000004 0.009955 0.019807 -1
0 -1.500000 28.000000 2.999996 0.009955 0.019807 -1
0 8.000000 21.500000 2.999997 0.034257 0.080547 -1
0 10.000000 22.000000 -0.000004 0.034257 0.080547 -1
0 2.000000 30.000000 -0.000004 0.034103 0.021637 -1
0 1.500000 28.000000 2.999996 0.034103 0.022411 -1
0 10.000000 22.000000 -0.000004 0.057784 0.085041 -1
0 8.000000 21.500000 2.999997 0.057784 0.086381 -1
0 8.000000 -0.500000 3.000000 0.057476 0.223910 -1
0 18.000000 12.000000 -0.000002 0.003683 0.124034 -1
0 23.500000 10.000000 2.999999 0.016041 0.163389 -1
0 24.000000 12.000000 -0.000002 0.014918 0.161144 -1
0 18.000000 12.000000 -0.000002 0.014821 0.215210 -1
0 18.500000 10.000000 2.999999 0.015944 0.212965 -1
0 -18.500000 10.000000 2.999999 0.036602 0.120983 -1
0 -10.000000 4.000000 -0.000000 0.035749 0.232259 -1
0 -18.000000 12.000000 -0.000002 0.037642 0.121647 -1
0 -8.000000 21.500000 2.999997 0.012538 0.087107 -1
0 -8.000000 21.500000 2.999997 0.003477 0.092266 -1
0 -1.500000 28.000000 2.999996 0.003477 0.024702 -1
0 -2.000000 30.000000 -0.000004 0.003477 0.023350 -1
0 -10.000000 22.000000 -0.000004 0.003477 0.091254 -1
0 28.000000 5.500000 3.000000 0.034485 0.207533 -1
0 30.000000 6.000000 -0.000000 0.034485 0.207533 -1
0 24.000000 12.000000 -0.000002 0.034485 0.207533 -1
0 23.500000 10.000000 2.999999 0.034485 0.207533 -1
0 30.000000 0.000000 0.000000 0.051267 0.269544 -1
0 30.000000 6.000000 -0.000000 0.051267 0.202301 -1
0 28.000000 5.500000 3.000000 0.050145 0.204546 -1
0 28.000000 0.500000 3.000000 0.050145 0.267299 -1
0 0.000000 -27.500000 3.000004 0.059707 0.497389 -1
0 0.000000 -30.000000 0.000004 0.060579 0.499312 -1
0 30.000000 0.000000 0.000000 0.061104 0.233453 -1
0 28.000000 0.500000 3.000000 0.059982 0.231209 -1
0 0.000000 -27.500000 3.000004 0.035977 0.498249 -1
0 -28.000000 0.500000 3.000000 0.037051 0.234840 -1
0 -30.000000 0.000000 0.000000 0.035929 0.237085 -1
0 0.000000 -30.000000 0.000004 0.036656 0.498621 -1
0 -28.000000 5.500000 3.000000 0.016257 0.218818 -1
0 -30.000000 6.000000 -0.000000 0.015134 0.216573 -1
0 -30.000000 0.000000 0.000000 0.015134 0.268314 -1
0 -28.000000 0.500000 3.000000 0.016257 0.266069 -1
0 -23.500000 10.000000 2.999999 0.001348 0.216268 -1
0 -24.000000 12.000000 -0.000002 0.001348 0.216268 -1
0 -30.000000 6.000000 -0.000000 0.001348 0.216268 -1
0 -28.000000 5.500000 3.000000 0.001348 0.216268 -1
0 -18.500000 10.000000 2.999999 0.007608 0.212965 -1
0 -18.000000 12.000000 -0.000002 0.008731 0.215210 -1
0 -24.000000 12.000000 -0.000002 0.008828 0.161144 -1
0 -23.500000 10.000000 2.999999 0.007705 0.163389 -1
0 10.000000 4.000000 -0.000000 0.057476 0.224842 -1
0 -8.000000 -0.500000 3.000000 0.034757 0.234679 -1
27
-0.617200 0.603300 0.505100
-0.612500 0.608600 0.504400
0.839500 -0.010800 0.543200
-0.839500 -0.011000 0.543300
-0.833000 -0.013700 0.553100
0.612600 0.608500 0.504500
0.009800 0.831300 0.555800
0.599000 0.616600 0.510900
-0.593800 0.620300 0.512500
-0.014800 0.830800 0.556300
0.603300 0.617200 0.505100
0.833000 -0.013700 0.553100
0.013700 0.833000 0.553100
0.009900 0.831300 0.555800
0.014800 0.830800 0.556300
0.593800 0.620300 0.512500
-0.603300 0.617200 0.505100
0.830800 0.014800 0.556300
0.620300 0.593800 0.512500
0.620300 -0.593800 0.512500
0.830800 -0.014800 0.556300
-0.223300 -0.972100 0.072200
-0.131100 -0.228300 0.964700
-0.830800 -0.014800 0.556300
-0.620300 -0.593800 0.512500
-0.831300 0.009900 0.555800
-0.616600 0.599000 0.510900
30
0 0 1 2 0 1 2 1
0 3 4 5 3 4 5 1
0 6 7 8 6 7 8 1
0 9 6 8 9 6 8 1
0 10 11 12 10 11 7 1
0 12 13 10 7 6 10 1
0 14 15 16 11 10 2 1
0 0 17 1 0 12 1 1
0 18 19 20 13 7 12 1
0 20 21 18 12 0 13 1
0 22 23 24 14 5 15 1
0 3 25 4 3 16 4 1
0 26 27 28 16 9 8 1
0 26 28 29 16 8 4 1
0 30 31 32 17 18 7 1
0 32 33 30 7 13 17 1
0 34 35 36 19 18 17 1
0 36 37 34 17 20 19 1
0 38 39 40 21 22 19 1
0 40 41 38 19 20 21 1
0 42 43 44 21 23 24 1
0 44 45 42 24 22 21 1
0 46 47 48 25 26 24 1
0 48 49 46 24 23 25 1
0 50 51 52 0 12 26 1
0 52 53 50 26 25 0 1
0 54 55 56 14 15 12 1
0 56 57 54 12 0 14 1
0 58 14 16 1 11 2 1
0 59 23 22 3 5 14 1
"outer" 0 1
99
0 1.000000 21.000000 7.499998 0.528914 0.311591 -1
0 1.173177 27.210979 3.999997 0.528914 0.255636 -1
0 -1.173177 27.210979 3.999997 0.528914 0.255636 -1
0 -1.000000 21.000000 7.499998 0.528914 0.311591 -1
0 -7.210979 21.173178 3.999997 0.528914 0.310031 -1
0 -4.000000 18.000000 7.499999 0.528914 0.338618 -1
0 -7.210979 -2.404864 4.000001 0.528914 0.522445 -1
0 -4.000000 -4.500000 7.500000 0.528914 0.541321 -1
0 0.000000 2.000000 7.500000 0.528914 0.482762 -1
0 0.000000 5.500000 7.500000 0.528914 0.451231 -1
0 -4.000000 9.500001 7.500000 0.528914 0.415195 -1
0 -4.000000 6.000000 7.500000 0.528914 0.446726 -1
0 4.000000 9.500001 7.499999 0.528914 0.415195 -1
0 4.000000 18.000000 7.499998 0.528914 0.338618 -1
0 7.210979 21.173178 3.999997 0.528914 0.310031 -1
0 4.000000 6.000000 7.500000 0.528914 0.446726 -1
0 4.000000 -4.500000 7.500000 0.528914 0.541321 -1
0 19.500000 5.000000 7.500000 0.528914 0.455735 -1
0 18.826822 9.210979 3.999999 0.528914 0.417798 -1
0 7.210979 -2.404864 4.000000 0.528914 0.522445 -1
0 8.500000 -6.000000 7.500000 0.528914 0.554834 -1
0 5.500000 -6.000000 7.500000 0.528914 0.554834 -1
0 0.000000 -11.499999 7.500002 0.528914 0.604384 -1
0 -5.500000 -6.000000 7.500000 0.528914 0.554834 -1
0 0.000000 -8.499999 7.500000 0.528914 0.577357 -1
0 -8.500000 -6.000000 7.500000 0.528914 0.554834 -1
0 -18.826822 9.210979 3.999999 0.528914 0.417798 -1
0 -19.500000 5.000000 7.500000 0.528914 0.455735 -1
0 -23.173178 9.210979 3.999999 0.528914 0.417798 -1
0 -22.000000 5.000000 7.500000 0.528914 0.455735 -1
0 -27.210979 5.173177 4.000000 0.528914 0.454175 -1
0 -23.000000 4.000000 7.500000 0.528914 0.464744 -1
0 -23.000000 1.500001 7.500000 0.528914 0.487267 -1
0 -27.210979 0.826823 4.000001 0.528914 0.493331 -1
0 0.000000 -26.384157 4.000004 0.528914 0.738475 -1
0 0.000000 -21.500000 7.500002 0.528914 0.694474 -1
0 27.210979 0.826823 4.000001 0.528914 0.493331 -1
0 23.000000 1.500001 7.500000 0.528914 0.487267 -1
0 27.210979 5.173177 4.000000 0.528914 0.454175 -1
0 23.000000 4.000000 7.500000 0.528914 0.464744 -1
0 23.173178 9.210979 3.999999 0.528914 0.417798 -1
0 22.000000 5.000000 7.500000 0.528914 0.455735 -1
0 1.173177 27.210979 3.999997 0.556641 0.257108 -1
0 -1.500000 28.000000 2.999996 0.556641 0.250000 -1
0 -1.173177 27.210979 3.999997 0.556641 0.257108 -1
0 8.000000 21.500000 2.999997 0.556641 0.308559 -1
0 1.500000 28.000000 2.999996 0.556641 0.250000 -1
0 -18.826822 9.210979 3.999999 0.556641 0.419270 -1
0 -23.500000 10.000000 2.999999 0.556641 0.412162 -1
0 -23.173178 9.210979 3.999999 0.556641 0.419270 -1
0 -27.210979 5.173177 4.000000 0.556641 0.455647 -1
0 27.210979 0.826823 4.000001 0.556641 0.494803 -1
0 28.000000 0.500000 3.000000 0.556641 0.497748 -1
0 27.210979 5.173177 4.000000 0.556641 0.455647 -1
0 23.173178 9.210979 3.999999 0.556641 0.419270 -1
0 23.500000 10.000000 2.999999 0.556641 0.412162 -1
0 7.210979 21.173178 3.999997 0.556641 0.311503 -1
0 8.000000 -0.500000 3.000000 0.556641 0.506757 -1
0 0.000000 -26.384157 4.000004 0.556641 0.739947 -1
0 -28.000000 0.500000 3.000000 0.556641 0.497748 -1
0 0.000000 -27.500000 3.000004 0.556641 0.750000 -1
0 -7.210979 21.173178 3.999997 0.556641 0.311503 -1
0 -8.000000 -0.500000 3.000000 0.556641 0.506757 -1
0 -7.210979 -2.404864 4.000001 0.556641 0.523918 -1
0 -8.000000 21.500000 2.999997 0.556641 0.308559 -1
0 -27.210979 0.826823 4.000001 0.556641 0.494803 -1
0 18.826822 9.210979 3.999999 0.556641 0.419270 -1
0 -18.500000 10.000000 2.999999 0.556641 0.412162 -1
0 7.210979 -2.404864 4.000000 0.556641 0.523918 -1
0 28.000000 5.500000 3.000000 0.556641 0.452703 -1
0 -28.000000 5.500000 3.000000 0.556641 0.452703 -1
0 18.500000 10.000000 2.999999 0.556641 0.412162 -1
0 -0.585786 20.000000 6.499998 0.528914 0.320600 -1
0 0.585786 20.000000 6.499998 0.528914 0.320600 -1
0 -3.000000 17.585787 6.499999 0.528914 0.342350 -1
0 3.000000 17.585787 6.499998 0.528914 0.342350 -1
0 3.000000 9.914214 6.499999 0.528914 0.411463 -1
0 -3.000000 9.914214 6.500000 0.528914 0.411463 -1
0 -0.000000 6.914214 6.500000 0.528914 0.438490 -1
0 3.000000 -4.085786 6.500000 0.528914 0.537589 -1
0 0.000000 -7.085786 6.500000 0.528914 0.564616 -1
0 3.000000 3.585787 6.500000 0.528914 0.468476 -1
0 0.000000 0.585787 6.500000 0.528914 0.495503 -1
0 -3.000000 3.585787 6.500000 0.528914 0.468476 -1
0 -3.000000 -4.085786 6.500000 0.528914 0.537589 -1
0 21.585787 4.000000 6.500000 0.528914 0.464744 -1
0 22.000000 3.585787 6.500000 0.528914 0.468476 -1
0 19.914213 4.000000 6.500000 0.528914 0.464744 -1
0 22.000000 1.914214 6.500000 0.528914 0.483535 -1
0 -21.585787 4.000000 6.500000 0.528914 0.464744 -1
0 -19.914213 4.000000 6.500000 0.528914 0.464744 -1
0 -22.000000 3.585787 6.500000 0.528914 0.468476 -1
0 -22.000000 1.914214 6.500000 0.528914 0.483535 -1
0 -8.914213 -7.000000 6.500000 0.528914 0.563843 -1
0 0.000000 -20.085787 6.500002 0.528914 0.681733 -1
0 8.914213 -7.000000 6.500000 0.528914 0.563843 -1
0 0.000000 -12.914212 6.500002 0.528914 0.617124 -1
0 5.914214 -7.000000 6.500000 0.528914 0.563843 -1
0 -5.914214 -7.000000 6.500000 0.528914 0.563843 -1
68
-0.180100 -0.385400 0.905000
0.179600 0.504800 0.844400
-0.176100 0.498400 0.848900
0.195600 -0.438400 0.877200
-0.578600 0.277200 0.767000
0.369900 -0.137300 0.918900
-0.173500 0.405300 0.897600
-0.501000 0.211400 0.839200
-0.000000 -0.066800 0.997800
-0.000000 0.477800 0.878500
-0.743600 0.014500 0.668500
0.019500 -0.147200 0.988900
0.743600 0.014200 0.668500
-0.369800 -0.137500 0.918900
0.578600 0.277200 0.767000
-0.019500 -0.147300 0.988900
0.501000 0.211400 0.839200
-0.335300 0.684500 0.647300
-0.295000 0.708400 0.641300
0.174100 0.405500 0.897300
-0.195800 0.481800 0.854100
0.031300 -0.409100 0.911900
-0.031300 -0.409100 0.911900
0.206900 0.509800 0.835000
0.231300 0.611200 0.756900
-0.160200 -0.363600 0.917700
-0.233600 0.591600 0.771600
0.158800 -0.370200 0.915300
-0.593800 0.234700 0.769700
0.426200 -0.180100 0.886500
-0.684500 -0.335400 0.647300
-0.609900 -0.230500 0.758200
-0.000000 -0.595600 0.803300
0.000100 0.348800 0.937200
0.609900 -0.230500 0.758200
0.684500 -0.335400 0.647300
0.595300 0.235500 0.768200
-0.370200 -0.158800 0.915300
0.232900 0.590300 0.772900
-0.180100 -0.426200 0.886500
-0.291000 0.702500 0.649400
0.702500 0.291000 0.649400
0.291000 0.702500 0.649400
0.702500 -0.291000 0.649400
0.167000 0.403200 0.899800
-0.702500 -0.291000 0.649400
-0.000000 -0.667400 0.744700
-0.167000 0.403200 0.899800
-0.702500 0.291000 0.649400
0.167600 -0.404600 0.899000
-0.167600 -0.404600 0.899000
0.404600 -0.167600 0.899000
-0.404600 -0.167600 0.899000
-0.404500 0.167600 0.899000
0.404600 0.167600 0.899000
-0.000000 0.424700 0.905300
-0.115200 -0.278100 0.953600
-0.000100 -0.155700 0.987800
0.115200 -0.278100 0.953600
-0.167600 -0.404500 0.899100
-0.404500 -0.167500 0.899100
0.167500 -0.404500 0.899100
-0.404500 0.167600 0.899100
0.404500 -0.167600 0.899100
0.404500 0.167500 0.899100
-0.107400 -0.259300 0.959800
-0.000000 0.424700 0.905400
0.107400 -0.259300 0.959800
130
0 0 1 2 0 1 2 1
0 2 3 0 2 3 0 1
0 4 5 2 4 5 2 1
0 6 7 4 6 7 4 1
0 8 9 10 8 9 10 1
0 10 11 8 10 11 8 1
0 9 8 12 9 8 12 1
0 13 14 1 13 14 1 1
0 13 1 0 13 1 0 1
0 14 13 12 14 13 12 1
0 14 12 15 14 12 15 1
0 14 15 16 14 15 16 1
0 17 18 19 17 18 19 1
0 20 17 19 20 17 19 1
0 21 20 19 21 20 19 1
0 16 21 19 16 21 19 1
0 21 16 22 21 16 8 1
0 7 23 22 7 22 8 1
0 7 22 24 7 8 9 1
0 6 23 7 6 22 7 1
0 6 25 23 6 23 22 1
0 26 27 25 24 25 23 1
0 25 6 26 23 6 24 1
0 26 28 27 24 26 25 1
0 28 29 27 26 27 25 1
0 30 31 29 28 29 27 1
0 29 28 30 27 26 28 1
0 30 32 31 28 30 29 1
0 30 33 32 28 31 30 1
0 34 35 32 32 33 30 1
0 32 33 34 30 31 32 1
0 34 36 37 32 34 35 1
0 34 37 35 32 35 33 1
0 36 38 37 34 36 35 1
0 38 39 37 36 37 35 1
0 40 41 39 38 39 37 1
0 40 39 38 38 37 36 1
0 17 41 40 17 39 38 1
0 17 40 18 17 38 18 1
0 16 24 22 16 9 8 1
0 14 16 19 14 16 19 1
0 5 3 2 5 3 2 1
0 4 7 11 4 7 11 1
0 4 11 10 4 11 10 1
0 4 10 5 4 10 5 1
0 42 43 44 1 40 2 1
0 42 45 46 1 41 42 1
0 47 48 49 24 40 26 1
0 49 48 50 26 40 28 1
0 51 52 53 34 43 36 1
0 54 53 55 38 36 42 1
0 56 57 45 14 44 41 1
0 58 59 60 32 45 46 1
0 61 62 63 4 47 6 1
0 61 44 64 4 2 48 1
0 50 59 65 28 45 31 1
0 58 52 51 32 43 34 1
0 54 55 66 38 42 18 1
0 47 62 67 24 47 42 1
0 66 57 68 18 44 19 1
0 8 15 12 8 15 12 1
0 42 46 43 1 42 40 1
0 42 56 45 1 14 41 1
0 47 67 48 24 42 40 1
0 52 69 53 43 41 36 1
0 48 70 50 40 48 28 1
0 56 68 57 14 19 44 1
0 58 65 59 32 31 45 1
0 61 64 62 4 48 47 1
0 55 71 66 42 40 18 1
0 50 70 59 28 48 45 1
0 58 60 52 32 46 43 1
0 53 69 55 36 41 42 1
0 47 63 62 24 6 47 1
0 66 71 57 18 40 44 1
0 44 43 64 2 40 48 1
0 72 73 0 49 50 0 1
0 72 0 3 49 0 3 1
0 74 72 3 51 49 3 1
0 74 3 5 51 3 5 1
0 73 75 13 50 52 13 1
0 73 13 0 50 13 0 1
0 75 76 12 52 53 12 1
0 75 12 13 52 12 13 1
0 77 74 5 54 51 5 1
0 77 5 10 54 5 10 1
0 78 77 10 55 54 10 1
0 78 10 9 55 10 9 1
0 76 78 9 53 55 9 1
0 76 9 12 53 9 12 1
0 79 80 24 53 55 9 1
0 79 24 16 53 9 16 1
0 81 79 16 56 53 16 1
0 81 16 15 56 16 15 1
0 82 81 15 57 56 15 1
0 82 15 8 57 15 8 1
0 83 82 8 58 57 8 1
0 83 8 11 58 8 11 1
0 84 83 11 54 58 11 1
0 84 11 7 54 11 7 1
0 80 84 7 55 54 7 1
0 80 7 24 55 7 9 1
0 85 86 39 59 60 37 1
0 85 39 41 59 37 39 1
0 87 85 41 61 59 39 1
0 87 41 17 61 39 17 1
0 86 88 37 60 62 35 1
0 86 37 39 60 35 37 1
0 89 90 27 61 59 25 1
0 89 27 29 61 25 27 1
0 91 89 29 63 61 27 1
0 91 29 31 63 27 29 1
0 92 91 31 64 63 29 1
0 92 31 32 64 29 30 1
0 90 93 25 59 65 23 1
0 90 25 27 59 23 25 1
0 94 92 32 66 64 30 1
0 94 32 35 66 30 33 1
0 95 87 17 67 61 17 1
0 95 17 20 67 17 20 1
0 88 94 35 62 66 33 1
0 88 35 37 62 33 35 1
0 96 97 21 57 61 21 1
0 96 21 22 57 21 8 1
0 97 95 20 61 67 20 1
0 97 20 21 61 20 21 1
0 98 96 22 59 57 8 1
0 98 22 23 59 8 22 1
0 93 98 23 65 59 22 1
0 93 23 25 65 22 23 1
"inner" 0 2
27
0 0.000000 -8.499999 7.500000 0.505537 0.583333 -1
0 4.000000 -4.500000 7.500000 0.505537 0.547297 -1
0 4.000000 6.000000 7.500000 0.505537 0.452703 -1
0 1.000000 21.000000 7.499998 0.505537 0.317567 -1
0 -1.000000 21.000000 7.499998 0.505537 0.317567 -1
0 -4.000000 18.000000 7.499999 0.505537 0.344594 -1
0 4.000000 18.000000 7.499998 0.505537 0.344594 -1
0 -4.000000 9.500001 7.500000 0.505537 0.421171 -1
0 4.000000 9.500001 7.499999 0.505537 0.421171 -1
0 0.000000 5.500000 7.500000 0.505537 0.457207 -1
0 0.000000 2.000000 7.500000 0.505537 0.488739 -1
0 -4.000000 6.000000 7.500000 0.505537 0.452703 -1
0 -4.000000 -4.500000 7.500000 0.505537 0.547297 -1
0 0.000000 -21.500000 7.500002 0.505537 0.700450 -1
0 8.500000 -6.000000 7.500000 0.505537 0.560811 -1
0 0.000000 -11.499999 7.500002 0.505537 0.610360 -1
0 -8.500000 -6.000000 7.500000 0.505537 0.560811 -1
0 23.000000 4.000000 7.500000 0.505537 0.470721 -1
0 22.000000 5.000000 7.500000 0.505537 0.461712 -1
0 19.500000 5.000000 7.500000 0.505537 0.461712 -1
0 23.000000 1.500001 7.500000 0.505537 0.493243 -1
0 -19.500000 5.000000 7.500000 0.505537 0.461712 -1
0 -22.000000 5.000000 7.500000 0.505537 0.461712 -1
0 -23.000000 4.000000 7.500000 0.505537 0.470721 -1
0 -23.000000 1.500001 7.500000 0.505537 0.493243 -1
0 5.500000 -6.000000 7.500000 0.505537 0.560811 -1
0 -5.500000 -6.000000 7.500000 0.505537 0.560811 -1
1
-0.000000 -0.000000 1.000000
21
0 0 1 2 0 0 0 1
0 3 4 5 0 0 0 1
0 5 6 3 0 0 0 1
0 7 8 6 0 0 0 1
0 7 6 5 0 0 0 1
0 7 9 8 0 0 0 1
0 10 0 2 0 0 0 1
0 0 10 11 0 0 0 1
0 11 12 0 0 0 0 1
0 13 14 15 0 0 0 1
0 13 15 16 0 0 0 1
0 17 18 19 0 0 0 1
0 19 20 17 0 0 0 1
0 21 22 23 0 0 0 1
0 21 23 24 0 0 0 1
0 13 16 21 0 0 0 1
0 21 24 13 0 0 0 1
0 19 14 13 0 0 0 1
0 13 20 19 0 0 0 1
0 15 14 25 0 0 0 1
0 15 26 16 0 0 0 1

Materials: 3
"frame"
0.000000 0.000000 0.000000 1.000000
1.000000 1.000000 1.000000 1.000000
1.000000 1.000000 1.000000 1.000000
0.000000 0.000000 0.000000 1.000000
0.000000
1.000000
"textures/Frame 4th ani texture.ini"
""
"parts"
0.000000 0.000000 0.000000 1.000000
1.000000 1.000000 1.000000 1.000000
1.000000 1.000000 1.000000 1.000000
0.000000 0.000000 0.000000 1.000000
0.000000
1.000000
"textures/Tap Note 4th ani texture.ini"
""
"center"
0.000000 0.000000 0.000000 1.000000
1.000000 1.000000 1.000000 1.000000
1.000000 1.000000 1.000000 1.000000
0.000000 0.000000 0.000000 1.000000
0.000000
1.000000
"textures/Tap Center 4th ani texture.ini"
""
