// MilkShape 3D ASCII

Frames: 30
Frame: 1

Meshes: 2
"center" 0 1
49
0 -5.216932 -2.160509 -0.445417 0.002273 0.877971 -1
0 -4.670304 -3.173712 -0.445416 0.001518 0.583837 -1
0 0.000000 -0.000000 -0.445417 0.500000 0.575491 -1
0 -2.160509 -5.216932 -0.445416 0.002273 0.877971 -1
0 -1.057709 -5.546660 -0.445416 0.001518 0.583837 -1
0 2.160509 -5.216932 -0.445416 0.002273 0.877971 -1
0 3.173712 -4.670304 -0.445416 0.001518 0.583837 -1
0 5.216932 -2.160509 -0.445417 0.002273 0.877971 -1
0 5.546660 -1.057709 -0.445417 0.001518 0.583837 -1
0 5.216932 2.160509 -0.445417 0.002273 0.877971 -1
0 4.670304 3.173712 -0.445417 0.001518 0.583837 -1
0 2.160509 5.216932 -0.445417 0.002273 0.877971 -1
0 1.057709 5.546660 -0.445417 0.001518 0.583837 -1
0 -2.160509 5.216932 -0.445417 0.002273 0.877971 -1
0 -3.173712 4.670304 -0.445417 0.001518 0.583837 -1
0 -5.216932 2.160509 -0.445417 0.002273 0.877971 -1
0 -5.546660 1.057709 -0.445417 0.001518 0.583837 -1
0 -3.992755 -3.992755 -0.445416 0.001518 0.583837 -1
0 -4.670304 -3.173712 -0.445416 0.002273 0.877971 -1
0 -5.646608 -0.000000 -0.445417 0.001518 0.583837 -1
0 -5.546660 -1.057709 -0.445417 0.002273 0.877971 -1
0 -5.216932 -2.160509 -0.445417 0.001518 0.583837 -1
0 -0.000000 -5.646608 -0.445416 0.001518 0.583837 -1
0 -1.057709 -5.546660 -0.445416 0.002273 0.877971 -1
0 -3.173712 -4.670304 -0.445416 0.002273 0.877971 -1
0 -2.160509 -5.216932 -0.445416 0.001518 0.583837 -1
0 3.992755 -3.992755 -0.445416 0.001518 0.583837 -1
0 3.173712 -4.670304 -0.445416 0.002273 0.877971 -1
0 1.057709 -5.546660 -0.445416 0.002273 0.877971 -1
0 2.160509 -5.216932 -0.445416 0.001518 0.583837 -1
0 5.646608 -0.000000 -0.445417 0.001518 0.583837 -1
0 5.546660 -1.057709 -0.445417 0.002273 0.877971 -1
0 4.670304 -3.173712 -0.445416 0.002273 0.877971 -1
0 5.216932 -2.160509 -0.445417 0.001518 0.583837 -1
0 3.992755 3.992755 -0.445417 0.001518 0.583837 -1
0 4.670304 3.173712 -0.445417 0.002273 0.877971 -1
0 5.546660 1.057709 -0.445417 0.002273 0.877971 -1
0 5.216932 2.160509 -0.445417 0.001518 0.583837 -1
0 -0.000000 5.646608 -0.445417 0.001518 0.583837 -1
0 1.057709 5.546660 -0.445417 0.002273 0.877971 -1
0 3.173712 4.670304 -0.445417 0.002273 0.877971 -1
0 2.160509 5.216932 -0.445417 0.001518 0.583837 -1
0 -3.992755 3.992755 -0.445417 0.001518 0.583837 -1
0 -3.173712 4.670304 -0.445417 0.002273 0.877971 -1
0 -1.057709 5.546660 -0.445417 0.002273 0.877971 -1
0 -2.160509 5.216932 -0.445417 0.001518 0.583837 -1
0 -5.546660 1.057709 -0.445417 0.002273 0.877971 -1
0 -4.670304 3.173712 -0.445417 0.002273 0.877971 -1
0 -5.216932 2.160509 -0.445417 0.001518 0.583837 -1
1
-0.000000 -0.000000 1.000000
32
0 0 1 2 0 0 0 1
0 3 4 2 0 0 0 1
0 5 6 2 0 0 0 1
0 7 8 2 0 0 0 1
0 9 10 2 0 0 0 1
0 11 12 2 0 0 0 1
0 13 14 2 0 0 0 1
0 15 16 2 0 0 0 1
0 17 2 18 0 0 0 1
0 2 19 20 0 0 0 1
0 21 2 20 0 0 0 1
0 22 2 23 0 0 0 1
0 2 17 24 0 0 0 1
0 25 2 24 0 0 0 1
0 26 2 27 0 0 0 1
0 2 22 28 0 0 0 1
0 29 2 28 0 0 0 1
0 30 2 31 0 0 0 1
0 2 26 32 0 0 0 1
0 33 2 32 0 0 0 1
0 34 2 35 0 0 0 1
0 2 30 36 0 0 0 1
0 37 2 36 0 0 0 1
0 38 2 39 0 0 0 1
0 2 34 40 0 0 0 1
0 41 2 40 0 0 0 1
0 42 2 43 0 0 0 1
0 2 38 44 0 0 0 1
0 45 2 44 0 0 0 1
0 19 2 46 0 0 0 1
0 2 42 47 0 0 0 1
0 48 2 47 0 0 0 1
"outer" 0 0
94
0 2.770114 -4.715447 -0.362290 0.846883 0.248367 0
0 1.435613 -5.276579 -0.362290 0.888216 0.248367 0
0 1.523194 -5.611908 0.362291 0.946878 0.248367 0
0 4.115261 -4.110176 0.362291 0.827183 0.248367 0
0 4.720532 -2.765029 -0.362290 0.703218 0.248367 0
0 3.870204 -3.865119 -0.362290 0.784249 0.248367 0
0 5.281663 -1.430529 -0.362291 0.604921 0.248367 0
0 5.022671 -2.934901 0.362291 0.733507 0.248367 0
0 5.616994 -1.518109 0.362291 0.620582 0.248367 0
0 2.939987 -5.017586 0.362291 0.899508 0.248367 0
0 -4.115260 4.120343 0.362290 0.171170 0.248367 0
0 -4.720533 2.775197 -0.362291 0.295134 0.248367 0
0 -3.870204 3.875287 -0.362291 0.214103 0.248367 0
0 5.022670 2.945069 0.362290 0.264845 0.248367 0
0 4.115260 4.120344 0.362290 0.171169 0.248367 0
0 3.870204 3.875288 -0.362291 0.214103 0.248367 0
0 2.770113 4.725616 -0.362291 0.151469 0.248367 0
0 -5.616993 -1.518110 0.362291 0.620582 0.248367 0
0 -5.022669 -2.934902 0.362291 0.733507 0.248367 0
0 -4.720532 -2.765031 -0.362290 0.703219 0.248367 0
0 -3.870203 -3.865120 -0.362290 0.784250 0.248367 0
0 -4.115259 -4.110177 0.362291 0.827183 0.248367 0
0 -2.770112 -4.715449 -0.362290 0.846883 0.248367 0
0 0.000000 5.478379 -0.362291 0.096022 0.248367 0
0 1.435612 5.286747 -0.362291 0.110137 0.248367 0
0 1.523193 5.622077 0.362290 0.051474 0.248367 0
0 -6.162039 -1.663266 -1.869636 0.621072 0.248367 0
0 -5.616993 -1.518110 0.362291 0.610467 0.248367 0
0 -5.819856 0.005083 0.362291 0.499176 0.248367 0
0 -5.511851 -3.215725 -1.869636 0.734501 0.248367 0
0 -5.022669 -2.934902 0.362291 0.713983 0.248367 0
0 -5.022670 2.945068 0.362290 0.264845 0.248367 0
0 -6.162039 1.673432 -1.869637 0.377280 0.248367 0
0 -5.616993 1.528276 0.362291 0.387886 0.248367 0
0 -5.022670 2.945068 0.362290 0.284369 0.248367 0
0 -6.383895 0.005083 -1.869636 0.499176 0.248367 0
0 -5.616993 1.528276 0.362291 0.377770 0.248367 0
0 -5.281663 1.440696 -0.362291 0.393431 0.248367 0
0 -5.473294 0.005084 -0.362291 0.499176 0.248367 0
0 0.000001 -6.378812 -1.869635 0.965609 0.248367 0
0 0.000001 -5.814772 0.362291 0.924398 0.248367 0
0 -1.523192 -5.611909 0.362291 0.909576 0.248367 0
0 3.220809 -5.506768 -1.869635 0.901894 0.248367 0
0 2.939987 -5.017586 0.362291 0.866152 0.248367 0
0 1.523194 -5.611908 0.362291 0.909576 0.248367 0
0 -4.115260 4.120343 0.362290 0.198499 0.248367 0
0 -4.514096 4.519179 -1.869637 0.169359 0.248367 0
0 -5.511852 3.225890 -1.869637 0.263852 0.248367 0
0 5.473294 0.005084 -0.362291 0.499176 0.248367 0
0 6.162040 1.673432 -1.869637 0.377280 0.248367 0
0 5.616993 1.528277 0.362291 0.387886 0.248367 0
0 5.819856 0.005084 0.362291 0.499176 0.248367 0
0 5.511853 3.225892 -1.869637 0.263851 0.248367 0
0 5.022670 2.945069 0.362290 0.284369 0.248367 0
0 1.668349 6.167124 -1.869637 0.048953 0.248367 0
0 1.523193 5.622077 0.362290 0.088777 0.248367 0
0 2.939985 5.027754 0.362290 0.132200 0.248367 0
0 0.000001 -5.814772 0.362291 0.963048 0.248367 0
0 -0.000000 6.388979 -1.869637 0.032743 0.248367 0
0 0.000000 5.824939 0.362290 0.073955 0.248367 0
0 -3.220808 5.516936 -1.869637 0.096458 0.248367 0
0 -2.939985 5.027754 0.362290 0.132200 0.248367 0
0 -1.523193 5.622077 0.362290 0.088777 0.248367 0
0 -2.939985 5.027754 0.362290 0.098845 0.248367 0
0 0.000000 -5.468210 -0.362290 0.902331 0.248367 0
0 6.162040 -1.663265 -1.869636 0.621072 0.248367 0
0 5.616994 -1.518109 0.362291 0.610467 0.248367 0
0 5.022671 -2.934901 0.362291 0.713983 0.248367 0
0 -2.770114 4.725616 -0.362291 0.151469 0.248367 0
0 -1.435612 5.286747 -0.362291 0.110137 0.248367 0
0 -1.523193 5.622077 0.362290 0.051474 0.248367 0
0 0.000000 5.824939 0.362290 0.035305 0.248367 0
0 4.720532 2.775197 -0.362291 0.295134 0.248367 0
0 5.281663 1.440696 -0.362291 0.393431 0.248367 0
0 5.616993 1.528277 0.362291 0.377770 0.248367 0
0 2.939985 5.027754 0.362290 0.098845 0.248367 0
0 -5.281663 -1.430529 -0.362291 0.604921 0.248367 0
0 -2.939984 -5.017587 0.362291 0.899508 0.248367 0
0 -1.523192 -5.611909 0.362291 0.946878 0.248367 0
0 -1.435612 -5.276579 -0.362290 0.888216 0.248367 0
0 -4.115259 -4.110177 0.362291 0.799853 0.248367 0
0 -4.514094 -4.509013 -1.869636 0.828994 0.248367 0
0 -3.220807 -5.506769 -1.869635 0.901894 0.248367 0
0 -2.939984 -5.017587 0.362291 0.866152 0.248367 0
0 -1.668348 -6.156956 -1.869635 0.949399 0.248367 0
0 1.668350 -6.156955 -1.869635 0.949399 0.248367 0
0 4.115261 -4.110176 0.362291 0.799853 0.248367 0
0 4.514096 -4.509011 -1.869636 0.828994 0.248367 0
0 5.511853 -3.215724 -1.869636 0.734501 0.248367 0
0 6.383896 0.005084 -1.869636 0.499176 0.248367 0
0 4.115260 4.120344 0.362290 0.198499 0.248367 0
0 4.514095 4.519180 -1.869637 0.169359 0.248367 0
0 3.220808 5.516937 -1.869637 0.096458 0.248367 0
0 -1.668349 6.167124 -1.869637 0.048953 0.248367 0
98
-0.454800 0.779200 0.431300
-0.236800 0.870500 0.431400
-0.236000 0.870600 0.431700
-0.637800 0.638100 0.431300
-0.715200 0.552400 0.428100
-0.833400 0.349600 0.428000
-0.453700 0.779700 0.431600
0.637800 -0.638100 0.431300
0.715200 -0.552400 0.428100
-0.715100 -0.552200 0.428600
-0.552500 -0.714800 0.428600
0.832900 0.349400 0.429200
0.715100 0.552800 0.427800
0.552500 0.714800 0.428600
0.000100 -0.902100 0.431500
-0.236600 -0.870400 0.431700
-0.235900 -0.870800 0.431400
-0.961500 -0.128100 0.243100
-0.894500 -0.375200 0.243300
0.715400 -0.552400 0.427800
-0.894500 0.375200 0.242900
-0.961500 0.128100 0.243000
0.833400 -0.349600 0.428000
0.895700 -0.119300 0.428400
-0.128100 -0.961500 0.243000
0.832600 -0.350100 0.429200
0.375200 -0.894500 0.243300
-0.768000 0.592500 0.243100
-0.895400 0.119500 0.428800
-0.832600 0.350100 0.429200
0.961500 0.128100 0.243100
0.894500 0.375200 0.243300
0.375200 0.894500 0.242900
-0.895700 0.119300 0.428400
-0.000100 0.902100 0.431500
0.128100 0.961500 0.243000
-0.375200 0.894500 0.243300
0.453700 -0.779700 0.431600
-0.715400 0.552400 0.427800
0.935800 -0.253400 0.245100
0.935700 -0.253800 0.245000
0.894600 -0.375000 0.243000
0.454800 -0.779200 0.431300
0.236800 -0.870500 0.431400
0.236000 -0.870600 0.431700
-0.715100 -0.552800 0.427800
-0.833200 -0.350300 0.427900
-0.552400 -0.715400 0.427800
-0.832900 -0.349400 0.429200
-0.895500 -0.119300 0.428800
-0.895700 -0.119600 0.428400
0.833200 0.350300 0.427900
0.895700 0.119600 0.428400
0.895500 0.119300 0.428800
0.715100 0.552100 0.428600
0.552400 0.715400 0.427800
0.235900 0.870800 0.431400
0.236600 0.870400 0.431700
0.350100 0.832600 0.429200
0.349900 0.832900 0.428800
-0.350100 -0.832600 0.429200
-0.349900 -0.832900 0.428800
-0.961600 -0.127900 0.243000
-0.592500 -0.768000 0.243100
-0.894800 -0.374700 0.242900
-0.592800 -0.767800 0.242900
-0.767800 -0.592800 0.243100
-0.768000 -0.592500 0.242900
-0.894700 0.374700 0.243200
-0.375200 -0.894500 0.242900
-0.961500 0.127900 0.243100
-0.374700 -0.894700 0.243200
0.128100 -0.961500 0.243100
-0.127900 -0.961500 0.243100
0.127900 -0.961600 0.243000
0.768000 -0.592500 0.243100
0.374700 -0.894800 0.242900
0.592500 -0.768000 0.242900
0.767800 -0.592800 0.242900
0.592800 -0.767800 0.243100
0.961500 -0.127900 0.243100
0.961500 -0.128100 0.243000
0.894700 -0.374700 0.243200
0.961600 0.127900 0.243000
0.592500 0.768000 0.243100
0.894800 0.374700 0.242900
0.592800 0.767800 0.242900
0.767800 0.592800 0.243100
0.768000 0.592500 0.242900
0.374700 0.894700 0.243200
-0.128100 0.961500 0.243100
0.127900 0.961500 0.243100
-0.127900 0.961600 0.243000
-0.374700 0.894800 0.242900
-0.592500 0.768000 0.242900
-0.767800 0.592800 0.242900
-0.592800 0.767800 0.243100
0.895400 -0.119500 0.428800
96
0 0 1 2 0 1 2 1
0 3 4 5 3 4 3 1
0 6 7 8 5 5 5 1
0 9 3 5 6 3 3 1
0 10 11 12 7 8 7 1
0 13 14 15 9 9 9 1
0 15 14 16 10 10 10 1
0 17 18 19 11 11 11 1
0 20 19 18 12 12 12 1
0 21 22 20 13 13 13 1
0 23 24 25 14 15 16 1
0 26 27 28 17 17 17 1
0 29 30 27 18 18 18 1
0 10 31 11 7 19 8 1
0 32 33 34 20 20 20 1
0 35 28 33 21 21 21 1
0 31 36 37 22 22 22 1
0 28 38 36 23 23 23 1
0 39 40 41 24 24 24 1
0 37 11 31 25 25 25 1
0 42 43 44 26 26 26 1
0 45 46 47 27 27 27 1
0 8 48 6 28 28 28 1
0 6 4 7 29 29 29 1
0 49 50 51 30 30 30 1
0 52 53 50 31 31 31 1
0 54 55 56 32 32 32 1
0 8 51 48 33 33 33 1
0 57 2 1 34 2 1 1
0 0 9 5 0 6 3 1
0 58 59 55 35 35 35 1
0 60 61 62 36 36 36 1
0 9 0 2 6 0 2 1
0 63 10 12 37 7 7 1
0 64 57 1 34 34 1 1
0 3 7 4 3 38 4 1
0 65 66 67 39 40 41 1
0 68 63 12 42 37 7 1
0 68 69 70 42 43 44 1
0 69 23 71 43 14 14 1
0 71 70 69 14 44 43 1
0 63 68 70 37 42 44 1
0 72 13 15 45 45 45 1
0 72 73 74 46 46 46 1
0 14 75 16 47 47 47 1
0 13 72 74 48 48 48 1
0 51 74 73 49 49 49 1
0 48 51 73 50 50 50 1
0 76 17 19 51 51 51 1
0 76 38 28 52 52 52 1
0 28 17 76 53 53 53 1
0 21 20 18 54 54 54 1
0 21 77 22 55 55 55 1
0 78 57 64 56 34 34 1
0 79 78 64 57 56 34 1
0 79 22 77 57 58 59 1
0 77 78 79 59 56 57 1
0 24 16 75 15 60 61 1
0 75 25 24 61 16 15 1
0 71 23 25 14 14 16 1
0 35 26 28 62 62 62 1
0 80 81 82 63 63 63 1
0 26 29 27 64 64 64 1
0 83 80 82 65 65 65 1
0 80 30 81 66 66 66 1
0 30 29 81 67 67 67 1
0 47 32 34 68 68 68 1
0 84 41 83 69 69 69 1
0 32 35 33 70 70 70 1
0 82 84 83 71 71 71 1
0 85 44 40 72 72 72 1
0 84 39 41 73 73 73 1
0 39 85 40 74 74 74 1
0 86 87 88 75 75 75 1
0 85 42 44 76 76 76 1
0 43 42 87 77 77 77 1
0 67 86 88 78 78 78 1
0 86 43 87 79 79 79 1
0 65 89 66 39 80 40 1
0 89 51 66 80 81 40 1
0 88 65 67 82 39 41 1
0 89 49 51 83 83 83 1
0 90 91 92 84 84 84 1
0 49 52 50 85 85 85 1
0 56 90 92 86 86 86 1
0 90 53 91 87 87 87 1
0 53 52 91 88 88 88 1
0 92 54 56 89 89 89 1
0 93 62 59 90 90 90 1
0 54 58 55 91 91 91 1
0 58 93 59 92 92 92 1
0 93 60 62 93 93 93 1
0 61 60 46 94 94 94 1
0 34 45 47 95 95 95 1
0 45 61 46 96 96 96 1
0 38 37 36 97 97 97 1

Materials: 2
"white outer"
0.000000 0.000000 0.000000 1.000000
1.000000 1.000000 1.000000 1.000000
1.000000 1.000000 1.000000 1.000000
0.000000 0.000000 0.000000 1.000000
0.000000
1.000000
"_mine tex.png"
""
"red middle"
1.000000 1.000000 1.000000 1.000000
1.000000 1.000000 1.000000 1.000000
0.898039 0.898039 0.898039 1.000000
0.000000 0.000000 0.000000 1.000000
12.799999
1.000000
"_mine ani tex.ini"
""

Bones: 1
"joint1"
""
0 0 0 0 0 0 0
2
1.000000 0.000000 0.000000 0.000000
120.000000 0.000000 0.000000 0.000000
3
1.000000 0.000000 0.000000 0.000000
60.000000 0.000000 0.000000 3.1
120.000000 0.000000 0.000000 6.2

GroupComments: 0
MaterialComments: 0
BoneComments: 0
ModelComment: 0