// MilkShape 3D ASCII

Frames: 30
Frame: 1

Meshes: 3
"frame" 0 0
60
0 18.500000 10.000000 2.999999 0.011746 0.125262 -1
0 10.000000 4.000000 -0.000000 0.008019 0.238236 -1
0 8.000000 -0.500000 3.000000 0.010812 0.241387 -1
0 -8.000000 -0.500000 3.000000 0.025989 0.215607 -1
0 -10.000000 22.000000 -0.000004 0.025989 0.087107 -1
0 -10.000000 4.000000 -0.000000 0.025989 0.213231 -1
0 1.500000 28.000000 2.999996 0.020823 0.019807 -1
0 2.000000 30.000000 -0.000004 0.020823 0.019807 -1
0 -2.000000 30.000000 -0.000004 0.020823 0.019807 -1
0 -1.500000 28.000000 2.999996 0.020823 0.019807 -1
0 8.000000 21.500000 2.999997 0.069426 0.080547 -1
0 10.000000 22.000000 -0.000004 0.069426 0.080547 -1
0 2.000000 30.000000 -0.000004 0.069118 0.021637 -1
0 1.500000 28.000000 2.999996 0.069118 0.022411 -1
0 10.000000 22.000000 -0.000004 0.116480 0.085041 -1
0 8.000000 21.500000 2.999997 0.116480 0.086381 -1
0 8.000000 -0.500000 3.000000 0.115865 0.223910 -1
0 18.000000 12.000000 -0.000002 0.008279 0.124034 -1
0 23.500000 10.000000 2.999999 0.032994 0.163389 -1
0 24.000000 12.000000 -0.000002 0.030749 0.161144 -1
0 18.000000 12.000000 -0.000002 0.030555 0.215210 -1
0 18.500000 10.000000 2.999999 0.032800 0.212965 -1
0 -18.500000 10.000000 2.999999 0.074116 0.120983 -1
0 -10.000000 4.000000 -0.000000 0.072410 0.232259 -1
0 -18.000000 12.000000 -0.000002 0.076197 0.121647 -1
0 -8.000000 21.500000 2.999997 0.025989 0.087107 -1
0 -8.000000 21.500000 2.999997 0.007867 0.092266 -1
0 -1.500000 28.000000 2.999996 0.007867 0.024702 -1
0 -2.000000 30.000000 -0.000004 0.007867 0.023350 -1
0 -10.000000 22.000000 -0.000004 0.007867 0.091254 -1
0 28.000000 5.500000 3.000000 0.069882 0.207533 -1
0 30.000000 6.000000 -0.000000 0.069882 0.207533 -1
0 24.000000 12.000000 -0.000002 0.069882 0.207533 -1
0 23.500000 10.000000 2.999999 0.069882 0.207533 -1
0 30.000000 0.000000 0.000000 0.103447 0.269544 -1
0 30.000000 6.000000 -0.000000 0.103447 0.202301 -1
0 28.000000 5.500000 3.000000 0.101202 0.204546 -1
0 28.000000 0.500000 3.000000 0.101202 0.267299 -1
0 0.000000 -27.500000 3.000004 0.120326 0.497389 -1
0 0.000000 -30.000000 0.000004 0.122070 0.499312 -1
0 30.000000 0.000000 0.000000 0.123121 0.233453 -1
0 28.000000 0.500000 3.000000 0.120876 0.231209 -1
0 0.000000 -27.500000 3.000004 0.072867 0.498249 -1
0 -28.000000 0.500000 3.000000 0.075015 0.234840 -1
0 -30.000000 0.000000 0.000000 0.072770 0.237085 -1
0 0.000000 -30.000000 0.000004 0.074224 0.498621 -1
0 -28.000000 5.500000 3.000000 0.033426 0.218818 -1
0 -30.000000 6.000000 -0.000000 0.031181 0.216573 -1
0 -30.000000 0.000000 0.000000 0.031181 0.268314 -1
0 -28.000000 0.500000 3.000000 0.033426 0.266069 -1
0 -23.500000 10.000000 2.999999 0.003608 0.216268 -1
0 -24.000000 12.000000 -0.000002 0.003608 0.216268 -1
0 -30.000000 6.000000 -0.000000 0.003608 0.216268 -1
0 -28.000000 5.500000 3.000000 0.003608 0.216268 -1
0 -18.500000 10.000000 2.999999 0.016129 0.212965 -1
0 -18.000000 12.000000 -0.000002 0.018374 0.215210 -1
0 -24.000000 12.000000 -0.000002 0.018568 0.161144 -1
0 -23.500000 10.000000 2.999999 0.016323 0.163389 -1
0 10.000000 4.000000 -0.000000 0.115865 0.224842 -1
0 -8.000000 -0.500000 3.000000 0.070426 0.234679 -1
26
-0.617300 0.603200 0.505000
-0.612500 0.608600 0.504400
0.839500 -0.010800 0.543300
-0.839400 -0.010900 0.543300
-0.833000 -0.013700 0.553100
0.612500 0.608500 0.504500
0.009800 0.831300 0.555800
0.599100 0.616600 0.510800
-0.593800 0.620300 0.512500
-0.014700 0.830800 0.556300
0.603200 0.617300 0.505000
0.833000 -0.013700 0.553100
0.013700 0.833000 0.553000
0.014800 0.830800 0.556300
0.593900 0.620300 0.512400
-0.603200 0.617300 0.505000
0.830800 0.014800 0.556300
0.620200 0.593900 0.512500
0.620300 -0.593800 0.512500
0.830800 -0.014700 0.556300
-0.223300 -0.972100 0.072200
-0.131100 -0.228300 0.964700
-0.830800 -0.014700 0.556300
-0.620300 -0.593800 0.512500
-0.831300 0.009800 0.555800
-0.616600 0.599100 0.510800
30
0 0 1 2 0 1 2 1
0 3 4 5 3 4 5 1
0 6 7 8 6 7 8 1
0 9 6 8 9 6 8 1
0 10 11 12 10 11 7 1
0 12 13 10 7 6 10 1
0 14 15 16 11 10 2 1
0 0 17 1 0 12 1 1
0 18 19 20 6 7 12 1
0 20 21 18 12 0 6 1
0 22 23 24 13 5 14 1
0 3 25 4 3 15 4 1
0 26 27 28 15 9 8 1
0 26 28 29 15 8 4 1
0 30 31 32 16 17 7 1
0 32 33 30 7 6 16 1
0 34 35 36 18 17 16 1
0 36 37 34 16 19 18 1
0 38 39 40 20 21 18 1
0 40 41 38 18 19 20 1
0 42 43 44 20 22 23 1
0 44 45 42 23 21 20 1
0 46 47 48 24 25 23 1
0 48 49 46 23 22 24 1
0 50 51 52 0 12 25 1
0 52 53 50 25 24 0 1
0 54 55 56 13 14 12 1
0 56 57 54 12 0 13 1
0 58 14 16 1 11 2 1
0 59 23 22 3 5 13 1
"outer" 0 1
126
0 1.000000 21.000000 7.499998 0.530090 0.311591 -1
0 1.173177 27.210979 3.999997 0.530090 0.255636 -1
0 -1.173177 27.210979 3.999997 0.530090 0.255636 -1
0 -1.000000 21.000000 7.499998 0.530090 0.311591 -1
0 -7.210979 21.173178 3.999997 0.530090 0.310031 -1
0 -4.000000 18.000000 7.499999 0.530090 0.338618 -1
0 -7.210979 -2.404864 4.000001 0.530090 0.522446 -1
0 -4.000000 -4.500000 7.500000 0.530090 0.541321 -1
0 0.000000 2.000000 7.500000 0.530090 0.482762 -1
0 0.000000 5.500000 7.500000 0.530090 0.451231 -1
0 -4.000000 9.500001 7.500000 0.530090 0.415195 -1
0 -4.000000 6.000000 7.500000 0.530090 0.446726 -1
0 4.000000 9.500001 7.499999 0.530090 0.415195 -1
0 4.000000 18.000000 7.499998 0.530090 0.338618 -1
0 7.210979 21.173178 3.999997 0.530090 0.310031 -1
0 4.000000 6.000000 7.500000 0.530090 0.446726 -1
0 4.000000 -4.500000 7.500000 0.530090 0.541321 -1
0 19.500000 5.000000 7.500000 0.530090 0.455735 -1
0 18.826822 9.210979 3.999999 0.530090 0.417798 -1
0 7.210979 -2.404864 4.000000 0.530090 0.522446 -1
0 8.500000 -6.000000 7.500000 0.530090 0.554834 -1
0 5.500000 -6.000000 7.500000 0.530090 0.554834 -1
0 0.000000 -11.499999 7.500002 0.530090 0.604384 -1
0 -5.500000 -6.000000 7.500000 0.530090 0.554834 -1
0 0.000000 -8.499999 7.500000 0.530090 0.577357 -1
0 -8.500000 -6.000000 7.500000 0.530090 0.554834 -1
0 -18.826822 9.210979 3.999999 0.530090 0.417798 -1
0 -19.500000 5.000000 7.500000 0.530090 0.455735 -1
0 -23.173178 9.210979 3.999999 0.530090 0.417798 -1
0 -22.000000 5.000000 7.500000 0.530090 0.455735 -1
0 -27.210979 5.173177 4.000000 0.530090 0.454175 -1
0 -23.000000 4.000000 7.500000 0.530090 0.464744 -1
0 -23.000000 1.500001 7.500000 0.530090 0.487267 -1
0 -27.210979 0.826823 4.000001 0.530090 0.493331 -1
0 0.000000 -26.384157 4.000004 0.530090 0.738475 -1
0 0.000000 -21.500000 7.500002 0.530090 0.694474 -1
0 27.210979 0.826823 4.000001 0.530090 0.493331 -1
0 23.000000 1.500001 7.500000 0.530090 0.487267 -1
0 27.210979 5.173177 4.000000 0.530090 0.454175 -1
0 23.000000 4.000000 7.500000 0.530090 0.464744 -1
0 23.173178 9.210979 3.999999 0.530090 0.417798 -1
0 22.000000 5.000000 7.500000 0.530090 0.455735 -1
0 1.173177 27.210979 3.999997 0.556906 0.257108 -1
0 -1.500000 28.000000 2.999996 0.556906 0.250000 -1
0 -1.173177 27.210979 3.999997 0.556906 0.257108 -1
0 8.000000 21.500000 2.999997 0.556906 0.308559 -1
0 1.500000 28.000000 2.999996 0.556906 0.250000 -1
0 -18.826822 9.210979 3.999999 0.556906 0.419270 -1
0 -23.500000 10.000000 2.999999 0.556906 0.412162 -1
0 -23.173178 9.210979 3.999999 0.556906 0.419270 -1
0 -27.210979 5.173177 4.000000 0.556906 0.455647 -1
0 27.210979 0.826823 4.000001 0.556906 0.494803 -1
0 28.000000 0.500000 3.000000 0.556906 0.497748 -1
0 27.210979 5.173177 4.000000 0.556906 0.455647 -1
0 23.173178 9.210979 3.999999 0.556906 0.419270 -1
0 23.500000 10.000000 2.999999 0.556906 0.412162 -1
0 7.210979 21.173178 3.999997 0.556906 0.311503 -1
0 8.000000 -0.500000 3.000000 0.556906 0.506757 -1
0 0.000000 -26.384157 4.000004 0.556906 0.739947 -1
0 -28.000000 0.500000 3.000000 0.556906 0.497748 -1
0 0.000000 -27.500000 3.000004 0.556906 0.750000 -1
0 -7.210979 21.173178 3.999997 0.556906 0.311503 -1
0 -8.000000 -0.500000 3.000000 0.556906 0.506757 -1
0 -7.210979 -2.404864 4.000001 0.556906 0.523918 -1
0 -8.000000 21.500000 2.999997 0.556906 0.308559 -1
0 -27.210979 0.826823 4.000001 0.556906 0.494803 -1
0 18.826822 9.210979 3.999999 0.556906 0.419270 -1
0 -18.500000 10.000000 2.999999 0.556906 0.412162 -1
0 7.210979 -2.404864 4.000000 0.556906 0.523918 -1
0 28.000000 5.500000 3.000000 0.556906 0.452703 -1
0 -28.000000 5.500000 3.000000 0.556906 0.452703 -1
0 18.500000 10.000000 2.999999 0.556906 0.412162 -1
0 -0.585786 20.000000 6.499998 0.505801 0.344820 -1
0 0.585786 20.000000 6.499998 0.505801 0.344820 -1
0 1.000000 21.000000 7.499998 0.505801 0.336712 -1
0 -1.000000 21.000000 7.499998 0.505801 0.336712 -1
0 -3.000000 17.585787 6.499999 0.505801 0.364395 -1
0 -4.000000 18.000000 7.499999 0.505801 0.361036 -1
0 3.000000 17.585787 6.499998 0.505801 0.364395 -1
0 4.000000 18.000000 7.499998 0.505801 0.361036 -1
0 3.000000 9.914214 6.499999 0.505801 0.426596 -1
0 4.000000 9.500001 7.499999 0.505801 0.429955 -1
0 -3.000000 9.914214 6.500000 0.505801 0.426596 -1
0 -4.000000 9.500001 7.500000 0.505801 0.429955 -1
0 -0.000000 6.914214 6.500000 0.505801 0.450921 -1
0 0.000000 5.500000 7.500000 0.505801 0.462387 -1
0 3.000000 -4.085786 6.500000 0.505801 0.540110 -1
0 0.000000 -7.085786 6.500000 0.505801 0.564434 -1
0 0.000000 -8.499999 7.500000 0.505801 0.575901 -1
0 4.000000 -4.500000 7.500000 0.505801 0.543468 -1
0 3.000000 3.585787 6.500000 0.505801 0.477908 -1
0 4.000000 6.000000 7.500000 0.505801 0.458334 -1
0 0.000000 0.585787 6.500000 0.505801 0.502232 -1
0 0.000000 2.000000 7.500000 0.505801 0.490766 -1
0 -3.000000 3.585787 6.500000 0.505801 0.477908 -1
0 -4.000000 6.000000 7.500000 0.505801 0.458334 -1
0 -3.000000 -4.085786 6.500000 0.505801 0.540110 -1
0 -4.000000 -4.500000 7.500000 0.505801 0.543468 -1
0 21.585787 4.000000 6.500000 0.505801 0.474550 -1
0 22.000000 3.585787 6.500000 0.505801 0.477908 -1
0 23.000000 4.000000 7.500000 0.505801 0.474550 -1
0 22.000000 5.000000 7.500000 0.505801 0.466442 -1
0 19.914213 4.000000 6.500000 0.505801 0.474550 -1
0 19.500000 5.000000 7.500000 0.505801 0.466442 -1
0 22.000000 1.914214 6.500000 0.505801 0.491461 -1
0 23.000000 1.500001 7.500000 0.505801 0.494820 -1
0 -21.585787 4.000000 6.500000 0.505801 0.474550 -1
0 -19.914213 4.000000 6.500000 0.505801 0.474550 -1
0 -19.500000 5.000000 7.500000 0.505801 0.466442 -1
0 -22.000000 5.000000 7.500000 0.505801 0.466442 -1
0 -22.000000 3.585787 6.500000 0.505801 0.477908 -1
0 -23.000000 4.000000 7.500000 0.505801 0.474550 -1
0 -22.000000 1.914214 6.500000 0.505801 0.491461 -1
0 -23.000000 1.500001 7.500000 0.505801 0.494820 -1
0 -8.914213 -7.000000 6.500000 0.505801 0.563739 -1
0 -8.500000 -6.000000 7.500000 0.505801 0.555631 -1
0 0.000000 -20.085787 6.500002 0.505801 0.669839 -1
0 0.000000 -21.500000 7.500002 0.505801 0.681306 -1
0 8.914213 -7.000000 6.500000 0.505801 0.563739 -1
0 8.500000 -6.000000 7.500000 0.505801 0.555631 -1
0 0.000000 -12.914212 6.500002 0.505801 0.611691 -1
0 5.914214 -7.000000 6.500000 0.505801 0.563739 -1
0 5.500000 -6.000000 7.500000 0.505801 0.555631 -1
0 0.000000 -11.499999 7.500002 0.505801 0.600225 -1
0 -5.914214 -7.000000 6.500000 0.505801 0.563739 -1
0 -5.500000 -6.000000 7.500000 0.505801 0.555631 -1
68
-0.180100 -0.385400 0.905000
0.179600 0.504800 0.844400
-0.176100 0.498400 0.848900
0.195600 -0.438400 0.877200
-0.578600 0.277200 0.767000
0.369900 -0.137300 0.918900
-0.173500 0.405300 0.897600
-0.501000 0.211400 0.839200
-0.000000 -0.066800 0.997800
-0.000000 0.477800 0.878500
-0.743600 0.014500 0.668500
0.019500 -0.147200 0.988900
0.743600 0.014200 0.668500
-0.369800 -0.137500 0.918900
0.578600 0.277200 0.767000
-0.019500 -0.147300 0.988900
0.501000 0.211400 0.839200
-0.335300 0.684500 0.647300
-0.295000 0.708400 0.641300
0.174100 0.405500 0.897300
-0.195800 0.481800 0.854100
0.031300 -0.409100 0.911900
-0.031300 -0.409100 0.911900
0.206900 0.509800 0.835000
0.231300 0.611200 0.756900
-0.160200 -0.363600 0.917700
-0.233600 0.591600 0.771600
0.158800 -0.370200 0.915300
-0.593800 0.234700 0.769700
0.426200 -0.180100 0.886500
-0.684500 -0.335400 0.647300
-0.609900 -0.230500 0.758200
-0.000000 -0.595600 0.803300
0.000100 0.348800 0.937200
0.609900 -0.230500 0.758200
0.684500 -0.335400 0.647300
0.595300 0.235500 0.768200
-0.370200 -0.158800 0.915300
0.232900 0.590300 0.772900
-0.180100 -0.426200 0.886500
-0.291000 0.702500 0.649400
0.702500 0.291000 0.649400
0.291000 0.702500 0.649400
0.702500 -0.291000 0.649400
0.167000 0.403200 0.899800
-0.702500 -0.291000 0.649400
-0.000000 -0.667400 0.744700
-0.167000 0.403200 0.899800
-0.702500 0.291000 0.649400
0.167600 -0.404600 0.899000
-0.167600 -0.404600 0.899000
0.404600 -0.167600 0.899000
-0.404600 -0.167600 0.899000
-0.404500 0.167600 0.899000
0.404600 0.167600 0.899000
-0.000000 0.424700 0.905300
-0.115200 -0.278100 0.953600
-0.000100 -0.155700 0.987800
0.115200 -0.278100 0.953600
-0.167600 -0.404500 0.899100
-0.404500 -0.167500 0.899100
0.167500 -0.404500 0.899100
-0.404500 0.167600 0.899100
0.404500 -0.167600 0.899100
0.404500 0.167500 0.899100
-0.107400 -0.259300 0.959800
-0.000000 0.424700 0.905400
0.107400 -0.259300 0.959800
130
0 0 1 2 0 1 2 1
0 2 3 0 2 3 0 1
0 4 5 2 4 5 2 1
0 6 7 4 6 7 4 1
0 8 9 10 8 9 10 1
0 10 11 8 10 11 8 1
0 9 8 12 9 8 12 1
0 13 14 1 13 14 1 1
0 13 1 0 13 1 0 1
0 14 13 12 14 13 12 1
0 14 12 15 14 12 15 1
0 14 15 16 14 15 16 1
0 17 18 19 17 18 19 1
0 20 17 19 20 17 19 1
0 21 20 19 21 20 19 1
0 16 21 19 16 21 19 1
0 21 16 22 21 16 8 1
0 7 23 22 7 22 8 1
0 7 22 24 7 8 9 1
0 6 23 7 6 22 7 1
0 6 25 23 6 23 22 1
0 26 27 25 24 25 23 1
0 25 6 26 23 6 24 1
0 26 28 27 24 26 25 1
0 28 29 27 26 27 25 1
0 30 31 29 28 29 27 1
0 29 28 30 27 26 28 1
0 30 32 31 28 30 29 1
0 30 33 32 28 31 30 1
0 34 35 32 32 33 30 1
0 32 33 34 30 31 32 1
0 34 36 37 32 34 35 1
0 34 37 35 32 35 33 1
0 36 38 37 34 36 35 1
0 38 39 37 36 37 35 1
0 40 41 39 38 39 37 1
0 40 39 38 38 37 36 1
0 17 41 40 17 39 38 1
0 17 40 18 17 38 18 1
0 16 24 22 16 9 8 1
0 14 16 19 14 16 19 1
0 5 3 2 5 3 2 1
0 4 7 11 4 7 11 1
0 4 11 10 4 11 10 1
0 4 10 5 4 10 5 1
0 42 43 44 1 40 2 1
0 42 45 46 1 41 42 1
0 47 48 49 24 40 26 1
0 49 48 50 26 40 28 1
0 51 52 53 34 43 36 1
0 54 53 55 38 36 42 1
0 56 57 45 14 44 41 1
0 58 59 60 32 45 46 1
0 61 62 63 4 47 6 1
0 61 44 64 4 2 48 1
0 50 59 65 28 45 31 1
0 58 52 51 32 43 34 1
0 54 55 66 38 42 18 1
0 47 62 67 24 47 42 1
0 66 57 68 18 44 19 1
0 8 15 12 8 15 12 1
0 42 46 43 1 42 40 1
0 42 56 45 1 14 41 1
0 47 67 48 24 42 40 1
0 52 69 53 43 41 36 1
0 48 70 50 40 48 28 1
0 56 68 57 14 19 44 1
0 58 65 59 32 31 45 1
0 61 64 62 4 48 47 1
0 55 71 66 42 40 18 1
0 50 70 59 28 48 45 1
0 58 60 52 32 46 43 1
0 53 69 55 36 41 42 1
0 47 63 62 24 6 47 1
0 66 71 57 18 40 44 1
0 44 43 64 2 40 48 1
0 72 73 74 49 50 0 1
0 72 74 75 49 0 3 1
0 76 72 75 51 49 3 1
0 76 75 77 51 3 5 1
0 73 78 79 50 52 13 1
0 73 79 74 50 13 0 1
0 78 80 81 52 53 12 1
0 78 81 79 52 12 13 1
0 82 76 77 54 51 5 1
0 82 77 83 54 5 10 1
0 84 82 83 55 54 10 1
0 84 83 85 55 10 9 1
0 80 84 85 53 55 9 1
0 80 85 81 53 9 12 1
0 86 87 88 53 55 9 1
0 86 88 89 53 9 16 1
0 90 86 89 56 53 16 1
0 90 89 91 56 16 15 1
0 92 90 91 57 56 15 1
0 92 91 93 57 15 8 1
0 94 92 93 58 57 8 1
0 94 93 95 58 8 11 1
0 96 94 95 54 58 11 1
0 96 95 97 54 11 7 1
0 87 96 97 55 54 7 1
0 87 97 88 55 7 9 1
0 98 99 100 59 60 37 1
0 98 100 101 59 37 39 1
0 102 98 101 61 59 39 1
0 102 101 103 61 39 17 1
0 99 104 105 60 62 35 1
0 99 105 100 60 35 37 1
0 106 107 108 61 59 25 1
0 106 108 109 61 25 27 1
0 110 106 109 63 61 27 1
0 110 109 111 63 27 29 1
0 112 110 111 64 63 29 1
0 112 111 113 64 29 30 1
0 107 114 115 59 65 23 1
0 107 115 108 59 23 25 1
0 116 112 113 66 64 30 1
0 116 113 117 66 30 33 1
0 118 102 103 67 61 17 1
0 118 103 119 67 17 20 1
0 104 116 117 62 66 33 1
0 104 117 105 62 33 35 1
0 120 121 122 57 61 21 1
0 120 122 123 57 21 8 1
0 121 118 119 61 67 20 1
0 121 119 122 61 20 21 1
0 124 120 123 59 57 8 1
0 124 123 125 59 8 22 1
0 114 124 125 65 59 22 1
0 114 125 115 65 22 23 1
"inner" 0 1
27
0 0.000000 -8.500000 7.500000 0.505693 0.003691 -1
0 4.000000 -4.500000 7.500000 0.505693 0.003691 -1
0 4.000000 6.000000 7.500000 0.505693 0.003691 -1
0 1.000000 21.000000 7.499999 0.501879 0.003691 -1
0 -1.000000 21.000000 7.499999 0.501879 0.003691 -1
0 -4.000000 18.000000 7.500000 0.501879 0.003691 -1
0 4.000000 18.000000 7.499999 0.501879 0.003691 -1
0 -4.000000 9.500000 7.500001 0.501879 0.003691 -1
0 4.000000 9.500000 7.500000 0.501879 0.003691 -1
0 0.000000 5.500000 7.500000 0.501879 0.003691 -1
0 0.000000 2.000000 7.500000 0.505693 0.003691 -1
0 -4.000000 6.000000 7.500000 0.505693 0.003691 -1
0 -4.000000 -4.500000 7.500000 0.505693 0.003691 -1
0 0.000000 -21.500000 7.500001 0.509899 0.003691 -1
0 8.500000 -6.000000 7.500000 0.509899 0.003691 -1
0 0.000000 -11.500000 7.500001 0.509899 0.003691 -1
0 -8.500000 -6.000000 7.500000 0.509899 0.003691 -1
0 23.000000 4.000000 7.500000 0.509899 0.003691 -1
0 22.000000 5.000000 7.500000 0.509899 0.003691 -1
0 19.500000 5.000000 7.500000 0.509899 0.003691 -1
0 23.000000 1.500000 7.500000 0.509899 0.003691 -1
0 -19.500000 5.000000 7.500000 0.509899 0.003691 -1
0 -22.000000 5.000000 7.500000 0.509899 0.003691 -1
0 -23.000000 4.000000 7.500000 0.509899 0.003691 -1
0 -23.000000 1.500000 7.500000 0.509899 0.003691 -1
0 5.500000 -6.000000 7.500000 0.509899 0.003691 -1
0 -5.500000 -6.000000 7.500000 0.509899 0.003691 -1
1
-0.000000 -0.000000 1.000000
21
0 0 1 2 0 0 0 1
0 3 4 5 0 0 0 1
0 5 6 3 0 0 0 1
0 7 8 6 0 0 0 1
0 7 6 5 0 0 0 1
0 7 9 8 0 0 0 1
0 10 0 2 0 0 0 1
0 0 10 11 0 0 0 1
0 11 12 0 0 0 0 1
0 13 14 15 0 0 0 1
0 13 15 16 0 0 0 1
0 17 18 19 0 0 0 1
0 19 20 17 0 0 0 1
0 21 22 23 0 0 0 1
0 21 23 24 0 0 0 1
0 13 16 21 0 0 0 1
0 21 24 13 0 0 0 1
0 19 14 13 0 0 0 1
0 13 20 19 0 0 0 1
0 15 14 25 0 0 0 1
0 15 26 16 0 0 0 1

Materials: 2
"frame"
0.000000 0.000000 0.000000 1.000000
1.000000 1.000000 1.000000 1.000000
1.000000 1.000000 1.000000 1.000000
0.000000 0.000000 0.000000 1.000000
0.000000
1.000000
"textures/Frame 4th ani texture.ini"
""
"parts"
0.000000 0.000000 0.000000 1.000000
1.000000 1.000000 1.000000 1.000000
1.000000 1.000000 1.000000 1.000000
0.000000 0.000000 0.000000 1.000000
0.000000
1.000000
"textures/Tap Note 4th ani texture.ini"
""
