// MilkShape 3D ASCII

Frames: 30
Frame: 1

Meshes: 4
"frame" 0 0
30
0 18.500000 10.000000 2.999999 0.058594 0.416667 -1
0 10.000000 4.000000 -0.000000 0.058594 0.466667 -1
0 8.000000 -0.500000 3.000000 0.058594 0.504167 -1
0 -8.000000 -0.500000 3.000000 0.058594 0.504167 -1
0 -10.000000 22.000000 -0.000004 0.058594 0.316667 -1
0 -10.000000 4.000000 -0.000000 0.058594 0.466667 -1
0 1.500000 28.000000 2.999996 0.058594 0.266667 -1
0 2.000000 30.000000 -0.000004 0.058594 0.250000 -1
0 -2.000000 30.000000 -0.000004 0.058594 0.250000 -1
0 -1.500000 28.000000 2.999996 0.058594 0.266667 -1
0 8.000000 21.500000 2.999997 0.058594 0.320833 -1
0 10.000000 22.000000 -0.000004 0.058594 0.316667 -1
0 18.000000 12.000000 -0.000002 0.058594 0.400000 -1
0 23.500000 10.000000 2.999999 0.058594 0.416667 -1
0 24.000000 12.000000 -0.000002 0.058594 0.400000 -1
0 -18.500000 10.000000 2.999999 0.058594 0.416667 -1
0 -18.000000 12.000000 -0.000002 0.058594 0.400000 -1
0 -8.000000 21.500000 2.999997 0.058594 0.320833 -1
0 28.000000 5.500000 3.000000 0.058594 0.454167 -1
0 30.000000 6.000000 -0.000000 0.058594 0.450000 -1
0 30.000000 0.000000 0.000000 0.058594 0.500000 -1
0 28.000000 0.500000 3.000000 0.058594 0.495833 -1
0 0.000000 -27.500000 3.000004 0.058594 0.729167 -1
0 0.000000 -30.000000 0.000004 0.058594 0.750000 -1
0 -28.000000 0.500000 3.000000 0.058594 0.495833 -1
0 -30.000000 0.000000 0.000000 0.058594 0.500000 -1
0 -28.000000 5.500000 3.000000 0.058594 0.454167 -1
0 -30.000000 6.000000 -0.000000 0.058594 0.450000 -1
0 -23.500000 10.000000 2.999999 0.058594 0.416667 -1
0 -24.000000 12.000000 -0.000002 0.058594 0.400000 -1
26
-0.617300 0.603200 0.505000
-0.612500 0.608600 0.504400
0.839500 -0.010800 0.543300
-0.839400 -0.010900 0.543300
-0.833000 -0.013700 0.553100
0.612500 0.608500 0.504500
0.009800 0.831300 0.555800
0.599100 0.616600 0.510800
-0.593800 0.620300 0.512500
-0.014700 0.830800 0.556300
0.603200 0.617300 0.505000
0.833000 -0.013700 0.553100
0.013700 0.833000 0.553000
0.014800 0.830800 0.556300
0.593900 0.620300 0.512400
-0.603200 0.617300 0.505000
0.830800 0.014800 0.556300
0.620200 0.593900 0.512500
0.620300 -0.593800 0.512500
0.830800 -0.014700 0.556300
-0.120500 -0.991500 0.048900
-0.131100 -0.228300 0.964700
-0.830800 -0.014700 0.556300
-0.620300 -0.593800 0.512500
-0.831300 0.009800 0.555800
-0.616500 0.599100 0.510900
30
0 0 1 2 0 1 2 1
0 3 4 5 3 4 5 1
0 6 7 8 6 7 8 1
0 9 6 8 9 6 8 1
0 10 11 7 10 11 7 1
0 7 6 10 7 6 10 1
0 11 10 2 11 10 2 1
0 0 12 1 0 12 1 1
0 13 14 12 6 7 12 1
0 12 0 13 12 0 6 1
0 15 5 16 13 5 14 1
0 3 17 4 3 15 4 1
0 17 9 8 15 9 8 1
0 17 8 4 15 8 4 1
0 18 19 14 16 17 7 1
0 14 13 18 7 6 16 1
0 20 19 18 18 17 16 1
0 18 21 20 16 19 18 1
0 22 23 20 20 21 18 1
0 20 21 22 18 19 20 1
0 22 24 25 20 22 23 1
0 25 23 22 23 21 20 1
0 26 27 25 24 25 23 1
0 25 24 26 23 22 24 1
0 28 29 27 0 12 25 1
0 27 26 28 25 24 0 1
0 15 16 29 13 14 12 1
0 29 28 15 12 0 13 1
0 1 11 2 1 11 2 1
0 3 5 15 3 5 13 1
"outer" 0 1
126
0 1.000000 21.000000 7.499999 0.528679 0.313063 -1
0 1.019296 26.005051 3.999999 0.528679 0.267972 -1
0 -1.019296 26.005051 3.999999 0.528679 0.267972 -1
0 -1.000000 21.000000 7.499999 0.528679 0.313063 -1
0 -6.300000 20.866072 3.999999 0.528679 0.314270 -1
0 -4.000000 18.000000 7.500000 0.528679 0.340090 -1
0 -6.300000 -4.000000 4.000001 0.528679 0.538288 -1
0 -4.000000 -4.500000 7.500000 0.528679 0.542793 -1
0 0.000000 2.000000 7.500000 0.528679 0.484234 -1
0 0.000000 5.500000 7.500000 0.528679 0.452703 -1
0 -4.000000 9.500000 7.500001 0.528679 0.416667 -1
0 -4.000000 6.000000 7.500000 0.528679 0.448198 -1
0 4.000000 9.500000 7.500000 0.528679 0.416667 -1
0 4.000000 18.000000 7.499999 0.528679 0.340090 -1
0 6.300000 20.866072 3.999999 0.528679 0.314270 -1
0 4.000000 6.000000 7.500000 0.528679 0.448198 -1
0 4.000000 -4.500000 7.500000 0.528679 0.542793 -1
0 19.500000 5.000000 7.500000 0.528679 0.457207 -1
0 18.799999 7.987542 4.000000 0.528679 0.430292 -1
0 6.300000 -4.000000 4.000000 0.528679 0.538288 -1
0 8.500000 -6.000000 7.500000 0.528679 0.556306 -1
0 5.500000 -6.000000 7.500000 0.528679 0.556306 -1
0 0.000000 -11.500000 7.500001 0.528679 0.605856 -1
0 -5.500000 -6.000000 7.500000 0.528679 0.556306 -1
0 0.000000 -8.500000 7.500000 0.528679 0.578829 -1
0 -8.500000 -6.000000 7.500000 0.528679 0.556306 -1
0 -18.799999 7.987542 4.000000 0.528679 0.430292 -1
0 -19.500000 5.000000 7.500000 0.528679 0.457207 -1
0 -23.100000 7.987542 4.000000 0.528679 0.430292 -1
0 -22.000000 5.000000 7.500000 0.528679 0.457207 -1
0 -26.250000 5.173177 4.000000 0.528679 0.455647 -1
0 -23.000000 4.000000 7.500000 0.528679 0.466216 -1
0 -23.000000 1.500000 7.500000 0.528679 0.488739 -1
0 -26.250000 0.826823 4.000001 0.528679 0.494803 -1
0 0.000000 -24.831749 4.000002 0.528679 0.725962 -1
0 0.000000 -21.500000 7.500001 0.528679 0.695946 -1
0 26.250000 0.826823 4.000001 0.528679 0.494803 -1
0 23.000000 1.500000 7.500000 0.528679 0.488739 -1
0 26.250000 5.173177 4.000000 0.528679 0.455647 -1
0 23.000000 4.000000 7.500000 0.528679 0.466216 -1
0 23.100000 7.987542 4.000000 0.528679 0.430292 -1
0 22.000000 5.000000 7.500000 0.528679 0.457207 -1
0 1.019296 26.005051 3.999999 0.556641 0.267972 -1
0 -1.500000 28.000000 2.999998 0.556641 0.250000 -1
0 -1.019296 26.005051 3.999999 0.556641 0.267972 -1
0 8.000000 21.500000 2.999999 0.556641 0.308559 -1
0 1.500000 28.000000 2.999998 0.556641 0.250000 -1
0 -18.799999 7.987542 4.000000 0.556641 0.430292 -1
0 -23.500000 10.000000 3.000000 0.556641 0.412162 -1
0 -23.100000 7.987542 4.000000 0.556641 0.430292 -1
0 -26.250000 5.173177 4.000000 0.556641 0.455647 -1
0 26.250000 0.826823 4.000001 0.556641 0.494803 -1
0 28.000000 0.500000 3.000000 0.556641 0.497748 -1
0 26.250000 5.173177 4.000000 0.556641 0.455647 -1
0 23.100000 7.987542 4.000000 0.556641 0.430292 -1
0 23.500000 10.000000 3.000000 0.556641 0.412162 -1
0 6.300000 20.866072 3.999999 0.556641 0.314270 -1
0 8.000000 -0.500000 3.000000 0.556641 0.506757 -1
0 0.000000 -24.831749 4.000002 0.556641 0.725962 -1
0 -28.000000 0.500000 3.000000 0.556641 0.497748 -1
0 0.000000 -27.500000 3.000002 0.556641 0.750000 -1
0 -6.300000 20.866072 3.999999 0.556641 0.314270 -1
0 -8.000000 -0.500000 3.000000 0.556641 0.506757 -1
0 -6.300000 -4.000000 4.000001 0.556641 0.538288 -1
0 -8.000000 21.500000 2.999999 0.556641 0.308559 -1
0 -26.250000 0.826823 4.000001 0.556641 0.494803 -1
0 18.799999 7.987542 4.000000 0.556641 0.430292 -1
0 -18.500000 10.000000 3.000000 0.556641 0.412162 -1
0 6.300000 -4.000000 4.000000 0.556641 0.538288 -1
0 28.000000 5.500000 3.000000 0.556641 0.452703 -1
0 -28.000000 5.500000 3.000000 0.556641 0.452703 -1
0 18.500000 10.000000 3.000000 0.556641 0.412162 -1
0 -3.000000 17.585787 6.500000 0.501879 0.003691 -1
0 -0.585786 20.000000 6.499999 0.501879 0.003691 -1
0 -1.000000 21.000000 7.499999 0.501879 0.003691 -1
0 -4.000000 18.000000 7.500000 0.501879 0.003691 -1
0 -0.000000 6.914214 6.500000 0.501879 0.003691 -1
0 -3.000000 9.914213 6.500001 0.501879 0.003691 -1
0 -4.000000 9.500000 7.500001 0.501879 0.003691 -1
0 0.000000 5.500000 7.500000 0.501879 0.003691 -1
0 3.000000 9.914213 6.500000 0.501879 0.003691 -1
0 4.000000 9.500000 7.500000 0.501879 0.003691 -1
0 3.000000 17.585787 6.499999 0.501879 0.003691 -1
0 4.000000 18.000000 7.499999 0.501879 0.003691 -1
0 0.585786 20.000000 6.499999 0.501879 0.003691 -1
0 1.000000 21.000000 7.499999 0.501879 0.003691 -1
0 3.000000 -4.085786 6.500000 0.505693 0.003691 -1
0 0.000000 -7.085786 6.500000 0.505693 0.003691 -1
0 0.000000 -8.500000 7.500000 0.505693 0.003691 -1
0 4.000000 -4.500000 7.500000 0.505693 0.003691 -1
0 0.000000 0.585786 6.500000 0.505693 0.003691 -1
0 3.000000 3.585787 6.500000 0.505693 0.003691 -1
0 4.000000 6.000000 7.500000 0.505693 0.003691 -1
0 0.000000 2.000000 7.500000 0.505693 0.003691 -1
0 -3.000000 -4.085786 6.500000 0.505693 0.003691 -1
0 -4.000000 -4.500000 7.500000 0.505693 0.003691 -1
0 -3.000000 3.585787 6.500000 0.505693 0.003691 -1
0 -4.000000 6.000000 7.500000 0.505693 0.003691 -1
0 -21.585787 4.000000 6.500000 0.509899 0.003691 -1
0 -19.914213 4.000000 6.500000 0.509899 0.003691 -1
0 -19.500000 5.000000 7.500000 0.509899 0.003691 -1
0 -22.000000 5.000000 7.500000 0.509899 0.003691 -1
0 22.000000 3.585786 6.500000 0.509899 0.003691 -1
0 22.000000 1.914213 6.500000 0.509899 0.003691 -1
0 23.000000 1.500000 7.500000 0.509899 0.003691 -1
0 23.000000 4.000000 7.500000 0.509899 0.003691 -1
0 21.585787 4.000000 6.500000 0.509899 0.003691 -1
0 22.000000 5.000000 7.500000 0.509899 0.003691 -1
0 -22.000000 3.585786 6.500000 0.509899 0.003691 -1
0 -23.000000 4.000000 7.500000 0.509899 0.003691 -1
0 -22.000000 1.914213 6.500000 0.509899 0.003691 -1
0 -23.000000 1.500000 7.500000 0.509899 0.003691 -1
0 0.000000 -20.085787 6.500001 0.509899 0.003691 -1
0 0.000000 -21.500000 7.500001 0.509899 0.003691 -1
0 0.000000 -12.914213 6.500001 0.509899 0.003691 -1
0 5.914214 -7.000000 6.500000 0.509899 0.003691 -1
0 5.500000 -6.000000 7.500000 0.509899 0.003691 -1
0 0.000000 -11.500000 7.500001 0.509899 0.003691 -1
0 8.914213 -7.000000 6.500000 0.509899 0.003691 -1
0 19.914213 4.000000 6.500000 0.509899 0.003691 -1
0 19.500000 5.000000 7.500000 0.509899 0.003691 -1
0 8.500000 -6.000000 7.500000 0.509899 0.003691 -1
0 -8.914213 -7.000000 6.500000 0.509899 0.003691 -1
0 -5.914214 -7.000000 6.500000 0.509899 0.003691 -1
0 -5.500000 -6.000000 7.500000 0.509899 0.003691 -1
0 -8.500000 -6.000000 7.500000 0.509899 0.003691 -1
66
0.093900 0.092400 0.991300
0.192300 0.467800 0.862700
-0.192300 0.467800 0.862700
-0.093900 0.092400 0.991300
-0.528900 0.249700 0.811200
-0.235500 0.023000 0.971600
-0.253600 0.491200 0.833300
-0.087300 0.282300 0.955400
-0.000000 -0.424500 0.905400
-0.000000 0.155600 0.987800
-0.238200 0.142700 0.960700
-0.461300 -0.048600 0.885900
0.238200 0.142700 0.960700
0.235500 0.023000 0.971600
0.528900 0.249700 0.811200
0.461300 -0.048600 0.885900
0.087300 0.282300 0.955400
-0.099000 0.203100 0.974100
-0.237200 0.539900 0.807600
0.249500 0.491600 0.834300
0.015300 -0.105900 0.994300
0.296800 0.096200 0.950100
-0.296800 0.096200 0.950100
-0.017200 -0.100900 0.994800
0.238500 0.537500 0.808800
0.107000 0.202300 0.973500
-0.216900 0.532500 0.818100
-0.074600 0.194100 0.978100
-0.533200 0.247800 0.808900
-0.174300 0.078800 0.981500
-0.182600 -0.107600 0.977300
-0.548400 -0.244700 0.799600
-0.000000 -0.466900 0.884300
-0.000000 -0.374700 0.927100
0.548400 -0.244700 0.799600
0.182600 -0.107600 0.977300
0.531300 0.248200 0.810000
0.175300 0.090700 0.980300
0.217500 0.530400 0.819400
0.086500 0.195100 0.977000
-0.158200 0.411800 0.897500
0.444500 0.183300 0.876800
0.158200 0.411800 0.897500
-0.152500 0.422500 0.893400
0.461500 -0.175400 0.869600
0.152500 0.422500 0.893400
0.046500 0.252000 0.966600
-0.461500 -0.175400 0.869600
-0.000000 -0.350900 0.936400
-0.046500 0.252000 0.966600
-0.444500 0.183300 0.876800
0.154700 0.421100 0.893800
0.463900 0.174000 0.868600
-0.463900 0.174000 0.868600
-0.154700 0.421100 0.893800
0.626900 -0.259700 0.734500
0.259700 -0.626900 0.734500
-0.000000 0.577300 0.816500
0.626900 0.259700 0.734500
-0.626900 0.259700 0.734500
-0.626900 -0.259700 0.734500
-0.259700 -0.626900 0.734500
-0.000000 0.577400 0.816500
-0.000000 -0.577400 0.816500
-0.136800 -0.330200 0.933900
0.136800 -0.330200 0.933900
130
0 0 1 2 0 1 2 1
0 2 3 0 2 3 0 1
0 4 5 2 4 5 2 1
0 6 7 4 6 7 4 1
0 8 9 10 8 9 10 1
0 10 11 8 10 11 8 1
0 9 8 12 9 8 12 1
0 13 14 1 13 14 1 1
0 13 1 0 13 1 0 1
0 14 13 12 14 13 12 1
0 14 12 15 14 12 15 1
0 14 15 16 14 15 16 1
0 17 18 19 17 18 19 1
0 20 17 19 20 17 19 1
0 21 20 19 21 20 19 1
0 16 21 19 16 21 19 1
0 21 16 22 21 16 8 1
0 7 23 22 7 22 8 1
0 7 22 24 7 8 9 1
0 6 23 7 6 22 7 1
0 6 25 23 6 23 22 1
0 26 27 25 24 25 23 1
0 25 6 26 23 6 24 1
0 26 28 27 24 26 25 1
0 28 29 27 26 27 25 1
0 30 31 29 28 29 27 1
0 29 28 30 27 26 28 1
0 30 32 31 28 30 29 1
0 30 33 32 28 31 30 1
0 34 35 32 32 33 30 1
0 32 33 34 30 31 32 1
0 34 36 37 32 34 35 1
0 34 37 35 32 35 33 1
0 36 38 37 34 36 35 1
0 38 39 37 36 37 35 1
0 40 41 39 38 39 37 1
0 40 39 38 38 37 36 1
0 17 41 40 17 39 38 1
0 17 40 18 17 38 18 1
0 16 24 22 16 9 8 1
0 14 16 19 14 16 19 1
0 5 3 2 5 3 2 1
0 4 7 11 4 7 11 1
0 4 11 10 4 11 10 1
0 4 10 5 4 10 5 1
0 42 43 44 1 40 2 1
0 42 45 46 1 41 42 1
0 47 48 49 24 43 26 1
0 49 48 50 26 43 28 1
0 51 52 53 34 44 36 1
0 54 53 55 38 36 45 1
0 56 57 45 14 46 41 1
0 58 59 60 32 47 48 1
0 61 62 63 4 49 6 1
0 61 44 64 4 2 50 1
0 50 59 65 28 47 31 1
0 58 52 51 32 44 34 1
0 54 55 66 38 45 18 1
0 47 62 67 24 49 51 1
0 66 57 68 18 46 19 1
0 8 15 12 8 15 12 1
0 42 46 43 1 42 40 1
0 42 56 45 1 14 41 1
0 47 67 48 24 51 43 1
0 52 69 53 44 52 36 1
0 48 70 50 43 53 28 1
0 56 68 57 14 19 46 1
0 58 65 59 32 31 47 1
0 61 64 62 4 50 49 1
0 55 71 66 45 54 18 1
0 50 70 59 28 53 47 1
0 58 60 52 32 48 44 1
0 53 69 55 36 52 45 1
0 47 63 62 24 6 49 1
0 66 71 57 18 54 46 1
0 44 43 64 2 40 50 1
0 72 73 74 55 56 3 1
0 72 74 75 55 3 5 1
0 76 77 78 57 58 10 1
0 76 78 79 57 10 9 1
0 80 76 79 59 57 9 1
0 80 79 81 59 9 12 1
0 82 80 81 60 59 12 1
0 82 81 83 60 12 13 1
0 77 72 75 58 55 5 1
0 77 75 78 58 5 10 1
0 84 82 83 61 60 13 1
0 84 83 85 61 13 0 1
0 73 84 85 56 61 0 1
0 73 85 74 56 0 3 1
0 86 87 88 59 62 9 1
0 86 88 89 59 9 16 1
0 90 91 92 63 64 15 1
0 90 92 93 63 15 8 1
0 87 94 95 62 58 7 1
0 87 95 88 62 7 9 1
0 91 86 89 64 59 16 1
0 91 89 92 64 16 15 1
0 94 96 97 58 65 11 1
0 94 97 95 58 11 7 1
0 96 90 93 65 63 8 1
0 96 93 97 65 8 11 1
0 98 99 100 56 61 25 1
0 98 100 101 56 25 27 1
0 102 103 104 60 59 35 1
0 102 104 105 60 35 37 1
0 106 102 105 61 60 37 1
0 106 105 107 61 37 39 1
0 108 98 101 55 56 27 1
0 108 101 109 55 27 29 1
0 110 108 109 58 55 29 1
0 110 109 111 58 29 30 1
0 112 110 111 62 58 30 1
0 112 111 113 62 30 33 1
0 103 112 113 59 62 33 1
0 103 113 104 59 33 35 1
0 114 115 116 63 56 21 1
0 114 116 117 63 21 8 1
0 118 119 120 56 56 17 1
0 118 120 121 56 17 20 1
0 122 123 124 61 61 22 1
0 122 124 125 61 22 23 1
0 115 118 121 56 56 20 1
0 115 121 116 56 20 21 1
0 119 106 107 56 61 39 1
0 119 107 120 56 39 17 1
0 99 122 125 61 61 23 1
0 99 125 100 61 23 25 1
0 123 114 117 61 63 8 1
0 123 117 124 61 8 22 1
"inner" 0 2
27
0 0.000000 -8.499999 7.500000 0.505801 0.575901 -1
0 4.000000 -4.500000 7.500000 0.505801 0.543468 -1
0 4.000000 6.000000 7.500000 0.505801 0.458334 -1
0 1.000000 21.000000 7.499998 0.505801 0.336712 -1
0 -1.000000 21.000000 7.499998 0.505801 0.336712 -1
0 -4.000000 18.000000 7.499999 0.505801 0.361036 -1
0 4.000000 18.000000 7.499998 0.505801 0.361036 -1
0 -4.000000 9.500001 7.500000 0.505801 0.429955 -1
0 4.000000 9.500001 7.499999 0.505801 0.429955 -1
0 0.000000 5.500000 7.500000 0.505801 0.462387 -1
0 0.000000 2.000000 7.500000 0.505801 0.490766 -1
0 -4.000000 6.000000 7.500000 0.505801 0.458334 -1
0 -4.000000 -4.500000 7.500000 0.505801 0.543468 -1
0 0.000000 -21.500000 7.500002 0.505801 0.681306 -1
0 8.500000 -6.000000 7.500000 0.505801 0.555631 -1
0 0.000000 -11.499999 7.500002 0.505801 0.600225 -1
0 -8.500000 -6.000000 7.500000 0.505801 0.555631 -1
0 23.000000 4.000000 7.500000 0.505801 0.474550 -1
0 22.000000 5.000000 7.500000 0.505801 0.466442 -1
0 19.500000 5.000000 7.500000 0.505801 0.466442 -1
0 23.000000 1.500001 7.500000 0.505801 0.494820 -1
0 -19.500000 5.000000 7.500000 0.505801 0.466442 -1
0 -22.000000 5.000000 7.500000 0.505801 0.466442 -1
0 -23.000000 4.000000 7.500000 0.505801 0.474550 -1
0 -23.000000 1.500001 7.500000 0.505801 0.494820 -1
0 5.500000 -6.000000 7.500000 0.505801 0.555631 -1
0 -5.500000 -6.000000 7.500000 0.505801 0.555631 -1
1
-0.000000 -0.000000 1.000000
21
0 0 1 2 0 0 0 1
0 3 4 5 0 0 0 1
0 5 6 3 0 0 0 1
0 7 8 6 0 0 0 1
0 7 6 5 0 0 0 1
0 7 9 8 0 0 0 1
0 10 0 2 0 0 0 1
0 0 10 11 0 0 0 1
0 11 12 0 0 0 0 1
0 13 14 15 0 0 0 1
0 13 15 16 0 0 0 1
0 17 18 19 0 0 0 1
0 19 20 17 0 0 0 1
0 21 22 23 0 0 0 1
0 21 23 24 0 0 0 1
0 13 16 21 0 0 0 1
0 21 24 13 0 0 0 1
0 19 14 13 0 0 0 1
0 13 20 19 0 0 0 1
0 15 14 25 0 0 0 1
0 15 26 16 0 0 0 1
"shine" 0 3
156
0 1.000000 21.000000 7.599998 0.528679 0.313063 -1
0 1.019296 26.005051 4.099998 0.528679 0.267972 -1
0 -1.019296 26.005051 4.099998 0.528679 0.267972 -1
0 -1.000000 21.000000 7.599998 0.528679 0.313063 -1
0 -6.300000 20.866072 4.099999 0.528679 0.314270 -1
0 -4.000000 18.000000 7.600000 0.528679 0.340090 -1
0 -6.300000 -4.000000 4.100001 0.528679 0.538288 -1
0 -4.000000 -4.500000 7.600000 0.528679 0.542793 -1
0 0.000000 2.000000 7.599999 0.528679 0.484234 -1
0 0.000000 5.500000 7.599999 0.528679 0.452703 -1
0 -4.000000 9.500000 7.600001 0.528679 0.416667 -1
0 -4.000000 6.000000 7.599999 0.528679 0.448198 -1
0 4.000000 9.500000 7.599999 0.528679 0.416667 -1
0 4.000000 18.000000 7.599998 0.528679 0.340090 -1
0 6.300000 20.866072 4.099999 0.528679 0.314270 -1
0 4.000000 6.000000 7.599999 0.528679 0.448198 -1
0 4.000000 -4.500000 7.600000 0.528679 0.542793 -1
0 19.500000 5.000000 7.599999 0.528679 0.457207 -1
0 18.799999 7.987542 4.100000 0.528679 0.430292 -1
0 6.300000 -4.000000 4.100000 0.528679 0.538288 -1
0 8.500000 -6.000000 7.600000 0.528679 0.556306 -1
0 5.500000 -6.000000 7.600000 0.528679 0.556306 -1
0 0.000000 -11.500000 7.600001 0.528679 0.605856 -1
0 -5.500000 -6.000000 7.600000 0.528679 0.556306 -1
0 0.000000 -8.500000 7.600000 0.528679 0.578829 -1
0 -8.500000 -6.000000 7.600000 0.528679 0.556306 -1
0 -18.799999 7.987542 4.100000 0.528679 0.430292 -1
0 -19.500000 5.000000 7.599999 0.528679 0.457207 -1
0 -23.100000 7.987542 4.100000 0.528679 0.430292 -1
0 -22.000000 5.000000 7.599999 0.528679 0.457207 -1
0 -26.250000 5.173177 4.100000 0.528679 0.455647 -1
0 -23.000000 4.000000 7.599999 0.528679 0.466216 -1
0 -23.000000 1.500000 7.600000 0.528679 0.488739 -1
0 -26.250000 0.826823 4.100001 0.528679 0.494803 -1
0 0.000000 -24.831749 4.100002 0.528679 0.725962 -1
0 0.000000 -21.500000 7.600001 0.528679 0.695946 -1
0 26.250000 0.826823 4.100001 0.528679 0.494803 -1
0 23.000000 1.500000 7.600000 0.528679 0.488739 -1
0 26.250000 5.173177 4.100000 0.528679 0.455647 -1
0 23.000000 4.000000 7.599999 0.528679 0.466216 -1
0 23.100000 7.987542 4.100000 0.528679 0.430292 -1
0 22.000000 5.000000 7.599999 0.528679 0.457207 -1
0 1.019296 26.005051 4.099998 0.556641 0.500000 -1
0 -1.500000 28.000000 3.099998 0.556641 0.500000 -1
0 -1.019296 26.005051 4.099998 0.556641 0.500000 -1
0 8.000000 21.500000 3.099998 0.556641 0.500000 -1
0 1.500000 28.000000 3.099998 0.556641 0.500000 -1
0 -18.799999 7.987542 4.100000 0.556641 0.500000 -1
0 -23.500000 10.000000 3.099999 0.556641 0.500000 -1
0 -23.100000 7.987542 4.100000 0.556641 0.500000 -1
0 -26.250000 5.173177 4.100000 0.556641 0.500000 -1
0 26.250000 0.826823 4.100001 0.556641 0.500000 -1
0 28.000000 0.500000 3.100000 0.556641 0.500000 -1
0 26.250000 5.173177 4.100000 0.556641 0.500000 -1
0 23.100000 7.987542 4.100000 0.556641 0.500000 -1
0 23.500000 10.000000 3.099999 0.556641 0.500000 -1
0 6.300000 20.866072 4.099999 0.556641 0.500000 -1
0 8.000000 -0.500000 3.100000 0.556641 0.500000 -1
0 0.000000 -24.831749 4.100002 0.556641 0.500000 -1
0 -28.000000 0.500000 3.100000 0.556641 0.500000 -1
0 0.000000 -27.500000 3.100002 0.556641 0.500000 -1
0 -6.300000 20.866072 4.099999 0.556641 0.500000 -1
0 -8.000000 -0.500000 3.100000 0.556641 0.500000 -1
0 -6.300000 -4.000000 4.100001 0.556641 0.500000 -1
0 -8.000000 21.500000 3.099998 0.556641 0.500000 -1
0 -26.250000 0.826823 4.100001 0.556641 0.500000 -1
0 18.799999 7.987542 4.100000 0.556641 0.500000 -1
0 -18.500000 10.000000 3.099999 0.556641 0.500000 -1
0 6.300000 -4.000000 4.100000 0.556641 0.500000 -1
0 28.000000 5.500000 3.099999 0.556641 0.500000 -1
0 -28.000000 5.500000 3.099999 0.556641 0.500000 -1
0 18.500000 10.000000 3.099999 0.556641 0.500000 -1
0 -3.000000 17.585787 6.600000 0.501879 0.003691 -1
0 -0.585786 20.000000 6.599999 0.501879 0.003691 -1
0 -1.000000 21.000000 7.599998 0.501879 0.003691 -1
0 -4.000000 18.000000 7.600000 0.501879 0.003691 -1
0 -0.000000 6.914214 6.600000 0.501879 0.003691 -1
0 -3.000000 9.914213 6.600001 0.501879 0.003691 -1
0 -4.000000 9.500000 7.600001 0.501879 0.003691 -1
0 0.000000 5.500000 7.599999 0.501879 0.003691 -1
0 3.000000 9.914213 6.600000 0.501879 0.003691 -1
0 4.000000 9.500000 7.599999 0.501879 0.003691 -1
0 3.000000 17.585787 6.599999 0.501879 0.003691 -1
0 4.000000 18.000000 7.599998 0.501879 0.003691 -1
0 0.585786 20.000000 6.599999 0.501879 0.003691 -1
0 1.000000 21.000000 7.599998 0.501879 0.003691 -1
0 3.000000 -4.085786 6.600000 0.505693 0.003691 -1
0 0.000000 -7.085786 6.600000 0.505693 0.003691 -1
0 0.000000 -8.500000 7.600000 0.505693 0.003691 -1
0 4.000000 -4.500000 7.600000 0.505693 0.003691 -1
0 0.000000 0.585786 6.600000 0.505693 0.003691 -1
0 3.000000 3.585787 6.599999 0.505693 0.003691 -1
0 4.000000 6.000000 7.599999 0.505693 0.003691 -1
0 0.000000 2.000000 7.599999 0.505693 0.003691 -1
0 -3.000000 -4.085786 6.600000 0.505693 0.003691 -1
0 -4.000000 -4.500000 7.600000 0.505693 0.003691 -1
0 -3.000000 3.585787 6.599999 0.505693 0.003691 -1
0 -4.000000 6.000000 7.599999 0.505693 0.003691 -1
0 -21.585787 4.000000 6.599999 0.509899 0.003691 -1
0 -19.914213 4.000000 6.599999 0.509899 0.003691 -1
0 -19.500000 5.000000 7.599999 0.509899 0.003691 -1
0 -22.000000 5.000000 7.599999 0.509899 0.003691 -1
0 22.000000 3.585786 6.599999 0.509899 0.003691 -1
0 22.000000 1.914213 6.600000 0.509899 0.003691 -1
0 23.000000 1.500000 7.600000 0.509899 0.003691 -1
0 23.000000 4.000000 7.599999 0.509899 0.003691 -1
0 21.585787 4.000000 6.599999 0.509899 0.003691 -1
0 22.000000 5.000000 7.599999 0.509899 0.003691 -1
0 -22.000000 3.585786 6.599999 0.509899 0.003691 -1
0 -23.000000 4.000000 7.599999 0.509899 0.003691 -1
0 -22.000000 1.914213 6.600000 0.509899 0.003691 -1
0 -23.000000 1.500000 7.600000 0.509899 0.003691 -1
0 0.000000 -20.085787 6.600001 0.509899 0.003691 -1
0 0.000000 -21.500000 7.600001 0.509899 0.003691 -1
0 0.000000 -12.914213 6.600001 0.509899 0.003691 -1
0 5.914214 -7.000000 6.600000 0.509899 0.003691 -1
0 5.500000 -6.000000 7.600000 0.509899 0.003691 -1
0 0.000000 -11.500000 7.600001 0.509899 0.003691 -1
0 8.914213 -7.000000 6.600000 0.509899 0.003691 -1
0 19.914213 4.000000 6.599999 0.509899 0.003691 -1
0 19.500000 5.000000 7.599999 0.509899 0.003691 -1
0 8.500000 -6.000000 7.600000 0.509899 0.003691 -1
0 -8.914213 -7.000000 6.600000 0.509899 0.003691 -1
0 -5.914214 -7.000000 6.600000 0.509899 0.003691 -1
0 -5.500000 -6.000000 7.600000 0.509899 0.003691 -1
0 -8.500000 -6.000000 7.600000 0.509899 0.003691 -1
0 18.500000 10.000000 3.099999 0.016489 0.514481 -1
0 10.000000 4.000000 0.100000 0.016489 0.514481 -1
0 8.000000 -0.500000 3.100000 0.016489 0.514481 -1
0 -8.000000 -0.500000 3.100000 0.016489 0.514481 -1
0 -10.000000 22.000000 0.099998 0.016489 0.514481 -1
0 -10.000000 4.000000 0.100000 0.016489 0.514481 -1
0 1.500000 28.000000 3.099998 0.016489 0.514481 -1
0 2.000000 30.000000 0.099998 0.016489 0.514481 -1
0 -2.000000 30.000000 0.099998 0.016489 0.514481 -1
0 -1.500000 28.000000 3.099998 0.016489 0.514481 -1
0 8.000000 21.500000 3.099998 0.016489 0.514481 -1
0 10.000000 22.000000 0.099998 0.016489 0.514481 -1
0 18.000000 12.000000 0.099999 0.016489 0.514481 -1
0 23.500000 10.000000 3.099999 0.016489 0.514481 -1
0 24.000000 12.000000 0.099999 0.016489 0.514481 -1
0 -18.500000 10.000000 3.099999 0.016489 0.514481 -1
0 -18.000000 12.000000 0.099999 0.016489 0.514481 -1
0 -8.000000 21.500000 3.099998 0.016489 0.514481 -1
0 28.000000 5.500000 3.099999 0.016489 0.514481 -1
0 30.000000 6.000000 0.100000 0.016489 0.514481 -1
0 30.000000 0.000000 0.100000 0.016489 0.514481 -1
0 28.000000 0.500000 3.100000 0.016489 0.514481 -1
0 0.000000 -27.500000 3.100002 0.016489 0.514481 -1
0 0.000000 -30.000000 0.100002 0.016489 0.514481 -1
0 -28.000000 0.500000 3.100000 0.016489 0.514481 -1
0 -30.000000 0.000000 0.100000 0.016489 0.514481 -1
0 -28.000000 5.500000 3.099999 0.016489 0.514481 -1
0 -30.000000 6.000000 0.100000 0.016489 0.514481 -1
0 -23.500000 10.000000 3.099999 0.016489 0.514481 -1
0 -24.000000 12.000000 0.099999 0.016489 0.514481 -1
75
0.062700 0.061700 0.996100
0.192300 0.467800 0.862700
-0.192300 0.467800 0.862700
-0.062700 0.061700 0.996100
-0.528900 0.249700 0.811200
-0.151900 0.014800 0.988300
-0.253600 0.491200 0.833300
-0.060000 0.194200 0.979100
-0.000000 -0.227100 0.973900
-0.000000 0.124200 0.992300
-0.157800 0.094500 0.982900
-0.408400 -0.043000 0.911800
0.157800 0.094500 0.982900
0.151900 0.014800 0.988300
0.528900 0.249700 0.811200
0.408400 -0.043000 0.911800
0.060000 0.194200 0.979100
-0.063900 0.131100 0.989300
-0.237200 0.539900 0.807600
0.249500 0.491600 0.834300
0.007900 -0.054900 0.998500
0.203900 0.066100 0.976800
-0.203900 0.066100 0.976800
-0.008900 -0.052200 0.998600
0.238500 0.537500 0.808800
0.068900 0.130400 0.989100
-0.216900 0.532500 0.818100
-0.048400 0.126100 0.990800
-0.533200 0.247800 0.808900
-0.113800 0.051500 0.992200
-0.118400 -0.069800 0.990500
-0.548400 -0.244700 0.799600
-0.000000 -0.466900 0.884300
-0.000000 -0.272400 0.962200
0.548400 -0.244700 0.799600
0.118400 -0.069800 0.990500
0.531300 0.248200 0.810000
0.114200 0.059100 0.991700
0.217500 0.530400 0.819400
0.056000 0.126400 0.990400
-0.271200 0.634200 0.724100
0.644400 0.280300 0.711500
0.271200 0.634200 0.724100
-0.268400 0.638000 0.721700
0.650500 -0.276400 0.707400
0.268400 0.638000 0.721700
0.070500 0.288000 0.955000
-0.650500 -0.276400 0.707400
-0.000000 -0.649300 0.760500
-0.070500 0.288000 0.955000
-0.644400 0.280300 0.711500
0.269400 0.637500 0.721800
0.651400 0.275700 0.706900
-0.651400 0.275700 0.706900
-0.269400 0.637500 0.721800
0.626900 -0.259700 0.734500
0.259700 -0.626900 0.734500
-0.000000 0.577300 0.816500
0.626900 0.259700 0.734500
-0.626900 0.259700 0.734500
-0.626900 -0.259700 0.734500
-0.259700 -0.626900 0.734500
-0.000000 0.577400 0.816500
-0.000000 -0.577400 0.816500
-0.136800 -0.330200 0.933900
0.136800 -0.330200 0.933900
0.172700 0.492100 0.853200
-0.768800 0.303300 0.563100
-0.172700 0.492100 0.853200
0.303300 0.768800 0.563100
-0.303300 0.768800 0.563100
0.768800 0.303300 0.563100
0.768800 -0.303300 0.563100
-0.000000 -0.768200 0.640200
-0.768800 -0.303300 0.563100
181
0 0 1 2 0 1 2 1
0 2 3 0 2 3 0 1
0 4 5 2 4 5 2 1
0 6 7 4 6 7 4 1
0 8 9 10 8 9 10 1
0 10 11 8 10 11 8 1
0 9 8 12 9 8 12 1
0 13 14 1 13 14 1 1
0 13 1 0 13 1 0 1
0 14 13 12 14 13 12 1
0 14 12 15 14 12 15 1
0 14 15 16 14 15 16 1
0 17 18 19 17 18 19 1
0 20 17 19 20 17 19 1
0 21 20 19 21 20 19 1
0 16 21 19 16 21 19 1
0 21 16 22 21 16 8 1
0 7 23 22 7 22 8 1
0 7 22 24 7 8 9 1
0 6 23 7 6 22 7 1
0 6 25 23 6 23 22 1
0 26 27 25 24 25 23 1
0 25 6 26 23 6 24 1
0 26 28 27 24 26 25 1
0 28 29 27 26 27 25 1
0 30 31 29 28 29 27 1
0 29 28 30 27 26 28 1
0 30 32 31 28 30 29 1
0 30 33 32 28 31 30 1
0 34 35 32 32 33 30 1
0 32 33 34 30 31 32 1
0 34 36 37 32 34 35 1
0 34 37 35 32 35 33 1
0 36 38 37 34 36 35 1
0 38 39 37 36 37 35 1
0 40 41 39 38 39 37 1
0 40 39 38 38 37 36 1
0 17 41 40 17 39 38 1
0 17 40 18 17 38 18 1
0 16 24 22 16 9 8 1
0 14 16 19 14 16 19 1
0 5 3 2 5 3 2 1
0 4 7 11 4 7 11 1
0 4 11 10 4 11 10 1
0 4 10 5 4 10 5 1
0 42 43 44 1 40 2 1
0 42 45 46 1 41 42 1
0 47 48 49 24 43 26 1
0 49 48 50 26 43 28 1
0 51 52 53 34 44 36 1
0 54 53 55 38 36 45 1
0 56 57 45 14 46 41 1
0 58 59 60 32 47 48 1
0 61 62 63 4 49 6 1
0 61 44 64 4 2 50 1
0 50 59 65 28 47 31 1
0 58 52 51 32 44 34 1
0 54 55 66 38 45 18 1
0 47 62 67 24 49 51 1
0 66 57 68 18 46 19 1
0 8 15 12 8 15 12 1
0 42 46 43 1 42 40 1
0 42 56 45 1 14 41 1
0 47 67 48 24 51 43 1
0 52 69 53 44 52 36 1
0 48 70 50 43 53 28 1
0 56 68 57 14 19 46 1
0 58 65 59 32 31 47 1
0 61 64 62 4 50 49 1
0 55 71 66 45 54 18 1
0 50 70 59 28 53 47 1
0 58 60 52 32 48 44 1
0 53 69 55 36 52 45 1
0 47 63 62 24 6 49 1
0 66 71 57 18 54 46 1
0 44 43 64 2 40 50 1
0 72 73 74 55 56 3 1
0 72 74 75 55 3 5 1
0 76 77 78 57 58 10 1
0 76 78 79 57 10 9 1
0 80 76 79 59 57 9 1
0 80 79 81 59 9 12 1
0 82 80 81 60 59 12 1
0 82 81 83 60 12 13 1
0 77 72 75 58 55 5 1
0 77 75 78 58 5 10 1
0 84 82 83 61 60 13 1
0 84 83 85 61 13 0 1
0 73 84 85 56 61 0 1
0 73 85 74 56 0 3 1
0 86 87 88 59 62 9 1
0 86 88 89 59 9 16 1
0 90 91 92 63 64 15 1
0 90 92 93 63 15 8 1
0 87 94 95 62 58 7 1
0 87 95 88 62 7 9 1
0 91 86 89 64 59 16 1
0 91 89 92 64 16 15 1
0 94 96 97 58 65 11 1
0 94 97 95 58 11 7 1
0 96 90 93 65 63 8 1
0 96 93 97 65 8 11 1
0 98 99 100 56 61 25 1
0 98 100 101 56 25 27 1
0 102 103 104 60 59 35 1
0 102 104 105 60 35 37 1
0 106 102 105 61 60 37 1
0 106 105 107 61 37 39 1
0 108 98 101 55 56 27 1
0 108 101 109 55 27 29 1
0 110 108 109 58 55 29 1
0 110 109 111 58 29 30 1
0 112 110 111 62 58 30 1
0 112 111 113 62 30 33 1
0 103 112 113 59 62 33 1
0 103 113 104 59 33 35 1
0 114 115 116 63 56 21 1
0 114 116 117 63 21 8 1
0 118 119 120 56 56 17 1
0 118 120 121 56 17 20 1
0 122 123 124 61 61 22 1
0 122 124 125 61 22 23 1
0 115 118 121 56 56 20 1
0 115 121 116 56 20 21 1
0 119 106 107 56 61 39 1
0 119 107 120 56 39 17 1
0 99 122 125 61 61 23 1
0 99 125 100 61 23 25 1
0 123 114 117 61 63 8 1
0 123 117 124 61 8 22 1
0 88 89 92 9 16 15 1
0 85 74 75 0 3 5 1
0 75 83 85 5 13 0 1
0 78 81 83 10 12 13 1
0 78 83 75 10 13 5 1
0 78 79 81 10 9 12 1
0 93 88 92 8 9 15 1
0 88 93 97 9 8 11 1
0 97 95 88 11 7 9 1
0 113 121 117 33 20 8 1
0 113 117 125 33 8 23 1
0 105 107 120 37 39 17 1
0 120 104 105 17 35 37 1
0 100 101 109 25 27 29 1
0 100 109 111 25 29 30 1
0 113 125 100 33 23 25 1
0 100 111 113 25 30 33 1
0 120 121 113 17 20 33 1
0 113 104 120 33 35 17 1
0 117 121 116 8 20 21 1
0 117 124 125 8 22 23 1
0 126 127 128 54 66 46 1
0 129 130 131 49 67 68 1
0 132 133 134 42 69 70 1
0 135 132 134 40 42 70 1
0 136 137 133 41 71 69 1
0 133 132 136 69 42 41 1
0 137 136 128 71 41 46 1
0 126 138 127 54 70 66 1
0 139 140 138 45 69 70 1
0 138 126 139 70 54 45 1
0 141 131 142 51 68 69 1
0 129 143 130 49 50 67 1
0 143 135 134 50 40 70 1
0 143 134 130 50 70 67 1
0 144 145 140 52 71 69 1
0 140 139 144 69 45 52 1
0 146 145 144 72 71 52 1
0 144 147 146 52 44 72 1
0 148 149 146 48 73 72 1
0 146 147 148 72 44 48 1
0 148 150 151 48 47 74 1
0 151 149 148 74 73 48 1
0 152 153 151 53 67 74 1
0 151 150 152 74 47 53 1
0 154 155 153 43 70 67 1
0 153 152 154 67 53 43 1
0 141 142 155 51 69 70 1
0 155 154 141 70 43 51 1
0 127 137 128 66 71 46 1
0 129 131 141 49 68 51 1

Materials: 4
"frame"
0.000000 0.000000 0.000000 1.000000
1.000000 1.000000 1.000000 1.000000
1.000000 1.000000 1.000000 1.000000
0.000000 0.000000 0.000000 1.000000
0.000000
1.000000
"textures/Frame 4th ani texture.ini"
""
"parts"
0.000000 0.000000 0.000000 1.000000
1.000000 1.000000 1.000000 1.000000
1.000000 1.000000 1.000000 1.000000
0.000000 0.000000 0.000000 1.000000
0.000000
1.000000
"textures/Tap Note 4th ani texture.ini"
""
"center"
0.000000 0.000000 0.000000 1.000000
1.000000 1.000000 1.000000 1.000000
1.000000 1.000000 1.000000 1.000000
0.000000 0.000000 0.000000 1.000000
0.000000
1.000000
"textures/Tap Center 4th ani texture.ini"
""
"shine"
0.000000 0.000000 0.000000 1.000000
1.000000 1.000000 1.000000 1.000000
1.000000 1.000000 1.000000 1.000000
0.000000 0.000000 0.000000 1.000000
0.000000
1.000000
"textures/Tap Shine 4th ani texture.ini"
""
