// MilkShape 3D ASCII

Frames: 30
Frame: 1

Meshes: 3
"frame" 0 1
30
0 19.500000 7.150000 4.499999 0.556719 0.380833 -1
0 10.000000 4.000000 -0.000000 0.556719 0.433333 -1
0 5.200000 -7.100000 4.500000 0.556719 0.618333 -1
0 -5.200000 -7.100000 4.499999 0.556719 0.618333 -1
0 -10.000000 22.000000 -0.000002 0.556719 0.133333 -1
0 -10.000000 4.000000 -0.000000 0.556719 0.433333 -1
0 0.300000 25.000000 4.499997 0.556719 0.083333 -1
0 2.000000 30.000000 -0.000002 0.556719 0.000000 -1
0 -2.000000 30.000000 -0.000002 0.556719 0.000000 -1
0 -0.300000 25.000000 4.499997 0.556719 0.083333 -1
0 5.187541 20.162930 4.499998 0.556719 0.165000 -1
0 10.000000 22.000000 -0.000002 0.556719 0.133333 -1
0 18.000000 12.000000 -0.000001 0.556719 0.300000 -1
0 22.100000 7.150000 4.499999 0.556719 0.380833 -1
0 24.000000 12.000000 -0.000001 0.556719 0.300000 -1
0 -19.500000 7.150000 4.499999 0.556719 0.380833 -1
0 -18.000000 12.000000 -0.000001 0.556719 0.300000 -1
0 -5.200000 20.100000 4.499998 0.556719 0.165000 -1
0 25.000000 4.200000 4.499999 0.556719 0.430000 -1
0 30.000000 6.000000 -0.000000 0.556719 0.400000 -1
0 30.000000 0.000000 0.000000 0.556719 0.500000 -1
0 25.000000 1.600000 4.500000 0.556719 0.473333 -1
0 0.000000 -23.500000 4.500002 0.556719 0.891667 -1
0 0.000000 -30.000000 0.000002 0.556719 1.000000 -1
0 -25.000000 1.600000 4.500000 0.556719 0.473333 -1
0 -30.000000 0.000000 0.000000 0.556719 0.500000 -1
0 -25.000000 4.200000 4.499999 0.556719 0.430000 -1
0 -30.000000 6.000000 -0.000000 0.556719 0.400000 -1
0 -22.100000 7.150000 4.499999 0.556719 0.380833 -1
0 -24.000000 12.000000 -0.000001 0.556719 0.300000 -1
30
-0.268900 0.609400 0.745900
0.116500 0.329200 0.937100
0.135100 0.321400 0.937300
-0.135100 0.321500 0.937200
-0.607700 0.250100 0.753800
-0.116500 0.329200 0.937100
0.256600 0.596900 0.760200
0.242400 0.602900 0.760100
-0.242700 0.602100 0.760700
-0.258600 0.596100 0.760100
0.605200 0.256600 0.753600
0.609000 0.249500 0.752900
-0.246100 0.617300 0.747300
0.256500 0.601500 0.756600
0.248900 0.603600 0.757400
0.268900 0.609400 0.745900
0.246100 0.617300 0.747300
-0.606100 0.253900 0.753700
0.596200 0.254000 0.761600
0.599000 0.243300 0.762900
0.605600 -0.241800 0.758100
0.598000 -0.261700 0.757500
-0.000000 -0.568700 0.822600
-0.000000 -0.569200 0.822200
-0.598000 -0.261700 0.757500
-0.605600 -0.241800 0.758100
-0.595900 0.251400 0.762700
-0.600100 0.242900 0.762200
-0.253900 0.601200 0.757700
-0.248500 0.604700 0.756700
30
0 0 1 2 0 1 2 1
0 3 4 5 3 4 5 1
0 6 7 8 6 7 8 1
0 9 6 8 9 6 8 1
0 10 11 7 10 11 7 1
0 7 6 10 7 6 10 1
0 11 10 2 11 10 2 1
0 0 12 1 0 12 1 1
0 13 14 12 13 14 12 1
0 12 0 13 12 0 13 1
0 15 5 16 15 5 16 1
0 3 17 4 3 17 4 1
0 17 9 8 17 9 8 1
0 17 8 4 17 8 4 1
0 18 19 14 18 19 14 1
0 14 13 18 14 13 18 1
0 20 19 18 20 19 18 1
0 18 21 20 18 21 20 1
0 22 23 20 22 23 20 1
0 20 21 22 20 21 22 1
0 22 24 25 22 24 25 1
0 25 23 22 25 23 22 1
0 26 27 25 26 27 25 1
0 25 24 26 25 24 26 1
0 28 29 27 28 29 27 1
0 27 26 28 27 26 28 1
0 15 16 29 15 16 29 1
0 29 28 15 29 28 15 1
0 1 11 2 1 11 2 1
0 3 5 15 3 5 15 1
"outer" 0 1
84
0 0.850000 21.049999 7.499998 0.533518 0.155417 -1
0 -0.300000 25.000000 4.499997 0.533518 0.089583 -1
0 -0.850000 21.049999 7.499998 0.533518 0.155417 -1
0 5.187541 20.162930 4.499998 0.533518 0.170201 -1
0 0.300000 25.000000 4.499997 0.533518 0.089583 -1
0 -19.500000 5.200000 7.500000 0.533518 0.419583 -1
0 -22.100000 7.150000 4.499999 0.533518 0.387083 -1
0 -21.500000 5.200000 7.500000 0.533518 0.419583 -1
0 -23.000000 3.600000 7.500000 0.533518 0.446250 -1
0 23.000000 1.500000 7.500001 0.533518 0.481250 -1
0 25.000000 1.600000 4.500000 0.533518 0.479583 -1
0 23.000000 3.600000 7.500000 0.533518 0.446250 -1
0 21.500000 5.200000 7.500000 0.533518 0.419583 -1
0 22.100000 7.150000 4.499999 0.533518 0.387083 -1
0 4.000000 18.000000 7.499999 0.533518 0.206250 -1
0 5.200000 -7.100000 4.500000 0.533518 0.624583 -1
0 0.000000 -21.500000 7.500003 0.533518 0.864583 -1
0 -25.000000 1.600000 4.500000 0.533518 0.479583 -1
0 0.000000 -23.500000 4.500002 0.533518 0.897917 -1
0 -4.000000 18.000000 7.499999 0.533518 0.206250 -1
0 -5.200000 -7.100000 4.499999 0.533518 0.624583 -1
0 -4.000000 -6.900000 7.500000 0.533518 0.621250 -1
0 -4.000000 4.900000 7.500000 0.533518 0.424583 -1
0 -4.000000 8.300000 7.500000 0.533518 0.367917 -1
0 -5.200000 20.100000 4.499998 0.533518 0.171250 -1
0 -23.000000 1.500000 7.500001 0.533518 0.481250 -1
0 19.500000 5.200000 7.500000 0.533518 0.419583 -1
0 -19.500000 7.150000 4.499999 0.533518 0.387083 -1
0 0.000000 -14.200000 7.500000 0.533518 0.742917 -1
0 25.000000 4.200000 4.499999 0.533518 0.436250 -1
0 -25.000000 4.200000 4.499999 0.533518 0.436250 -1
0 4.000000 8.300000 7.499999 0.533518 0.367917 -1
0 4.000000 4.900000 7.499999 0.533518 0.424583 -1
0 4.000000 -6.900000 7.500000 0.533518 0.621250 -1
0 19.500000 7.150000 4.499999 0.533518 0.387083 -1
0 0.000000 0.900000 7.499999 0.533518 0.491250 -1
0 0.000000 4.462339 7.499999 0.533518 0.431878 -1
0 0.000000 -10.800000 7.500000 0.533518 0.686250 -1
0 -3.000000 17.576307 7.499999 0.480021 0.510000 -1
0 -0.445203 20.049999 7.499999 0.480021 0.510000 -1
0 -0.850000 21.049999 7.499998 0.480021 0.510000 -1
0 -4.000000 18.000000 7.499999 0.480021 0.510000 -1
0 0.000000 5.848152 7.499999 0.480021 0.510000 -1
0 -3.000000 8.726398 7.500000 0.480021 0.510000 -1
0 -4.000000 8.300000 7.500000 0.480021 0.510000 -1
0 0.000000 4.462339 7.499999 0.480021 0.510000 -1
0 3.000000 8.726398 7.499999 0.480021 0.510000 -1
0 4.000000 8.300000 7.499999 0.480021 0.510000 -1
0 3.000000 17.576307 7.499999 0.480021 0.510000 -1
0 4.000000 18.000000 7.499999 0.480021 0.510000 -1
0 0.445203 20.049999 7.499999 0.480021 0.510000 -1
0 0.850000 21.049999 7.499998 0.480021 0.510000 -1
0 3.000000 -6.478353 7.500000 0.480021 0.510000 -1
0 0.000000 -9.403353 7.500000 0.480021 0.510000 -1
0 0.000000 -10.800000 7.500000 0.480021 0.510000 -1
0 4.000000 -6.900000 7.500000 0.480021 0.510000 -1
0 0.000000 -0.514214 7.500000 0.480021 0.510000 -1
0 3.000000 2.485787 7.500000 0.480021 0.510000 -1
0 4.000000 4.900000 7.499999 0.480021 0.510000 -1
0 0.000000 0.900000 7.499999 0.480021 0.510000 -1
0 -3.000000 -6.478353 7.500000 0.480021 0.510000 -1
0 -4.000000 -6.900000 7.500000 0.480021 0.510000 -1
0 -3.000000 2.485787 7.500001 0.480021 0.510000 -1
0 -4.000000 4.900000 7.500000 0.480021 0.510000 -1
0 -21.066769 4.200000 7.500000 0.480021 0.510000 -1
0 -19.912708 4.200000 7.500000 0.480021 0.510000 -1
0 -19.500000 5.200000 7.500000 0.480021 0.510000 -1
0 -21.500000 5.200000 7.500000 0.480021 0.510000 -1
0 22.000000 3.204552 7.500000 0.480021 0.510000 -1
0 22.000000 1.914214 7.500001 0.480021 0.510000 -1
0 23.000000 1.500000 7.500001 0.480021 0.510000 -1
0 23.000000 3.600000 7.500000 0.480021 0.510000 -1
0 21.066769 4.200000 7.500000 0.480021 0.510000 -1
0 21.500000 5.200000 7.500000 0.480021 0.510000 -1
0 -22.000000 3.204552 7.500000 0.480021 0.510000 -1
0 -23.000000 3.600000 7.500000 0.480021 0.510000 -1
0 -22.000000 1.914214 7.500001 0.480021 0.510000 -1
0 -23.000000 1.500000 7.500001 0.480021 0.510000 -1
0 0.000000 -20.085787 7.500003 0.480021 0.510000 -1
0 0.000000 -21.500000 7.500003 0.480021 0.510000 -1
0 0.000000 -15.610592 7.500001 0.480021 0.510000 -1
0 19.912708 4.200000 7.500000 0.480021 0.510000 -1
0 19.500000 5.200000 7.500000 0.480021 0.510000 -1
0 0.000000 -14.200000 7.500000 0.480021 0.510000 -1
34
0.222800 0.386700 0.894900
-0.197100 0.610200 0.767300
-0.224600 0.387200 0.894200
0.729500 0.381500 0.567700
0.195900 0.610300 0.767600
0.254400 0.521200 0.814700
-0.313100 0.764000 0.564100
-0.230200 0.503600 0.832700
-0.502000 0.211700 0.838600
0.519600 -0.260200 0.813800
0.801300 -0.286300 0.525400
0.502000 0.211700 0.838600
0.230200 0.503600 0.832700
0.313100 0.764000 0.564100
0.561700 0.160000 0.811700
0.203000 0.515400 0.832500
-0.000000 -0.613300 0.789800
-0.801300 -0.286300 0.525400
-0.000000 -0.832100 0.554700
-0.560900 0.162200 0.811900
-0.202900 0.515300 0.832600
-0.594600 -0.155700 0.788800
-0.560600 -0.000000 0.828100
-0.733100 0.379300 0.564500
-0.519600 -0.260200 0.813800
-0.254400 0.521200 0.814700
0.291600 0.802000 0.521300
-0.000000 0.024100 0.999700
0.763900 0.302700 0.569800
-0.763900 0.302700 0.569800
0.560600 -0.000000 0.828100
0.594600 -0.155700 0.788800
-0.291600 0.802000 0.521300
-0.000000 -0.000000 1.000000
88
0 0 1 2 0 1 2 1
0 0 3 4 0 3 4 1
0 5 6 7 5 6 7 1
0 7 6 8 7 6 8 1
0 9 10 11 9 10 11 1
0 12 11 13 12 11 13 1
0 14 15 3 14 15 3 1
0 16 17 18 16 17 18 1
0 19 20 21 19 20 21 1
0 19 21 22 19 21 22 1
0 19 22 23 19 22 22 1
0 19 2 24 19 2 23 1
0 8 17 25 8 17 24 1
0 16 10 9 16 10 9 1
0 12 13 26 12 13 25 1
0 5 20 27 5 20 26 1
0 26 15 28 25 15 27 1
0 0 4 1 0 4 1 1
0 0 14 3 0 14 3 1
0 5 27 6 5 26 6 1
0 10 29 11 10 28 11 1
0 6 30 8 6 29 8 1
0 14 31 32 14 30 30 1
0 14 32 33 14 30 31 1
0 14 33 15 14 31 15 1
0 16 25 17 16 24 17 1
0 19 24 20 19 23 20 1
0 13 34 26 13 32 25 1
0 8 30 17 8 29 17 1
0 16 18 10 16 18 10 1
0 11 29 13 11 28 13 1
0 5 28 20 5 27 20 1
0 26 34 15 25 32 15 1
0 2 1 24 2 1 23 1
0 21 20 28 21 20 27 1
0 15 33 28 15 31 27 1
0 23 22 35 22 22 33 1
0 32 31 35 30 30 33 1
0 35 36 23 33 33 22 1
0 35 31 36 33 30 33 1
0 28 37 21 27 33 21 1
0 28 33 37 27 31 33 1
0 38 39 40 33 33 2 1
0 38 40 41 33 2 19 1
0 42 43 44 33 33 22 1
0 42 44 45 33 22 33 1
0 46 42 45 33 33 33 1
0 46 45 47 33 33 30 1
0 48 46 47 33 33 30 1
0 48 47 49 33 30 14 1
0 43 38 41 33 33 19 1
0 43 41 44 33 19 22 1
0 50 48 49 33 33 14 1
0 50 49 51 33 14 0 1
0 39 50 51 33 33 0 1
0 39 51 40 33 0 2 1
0 52 53 54 33 33 33 1
0 52 54 55 33 33 31 1
0 56 57 58 33 33 30 1
0 56 58 59 33 30 33 1
0 53 60 61 33 33 21 1
0 53 61 54 33 21 33 1
0 57 52 55 33 33 31 1
0 57 55 58 33 31 30 1
0 60 62 63 33 33 22 1
0 60 63 61 33 22 21 1
0 62 56 59 33 33 33 1
0 62 59 63 33 33 22 1
0 64 65 66 33 33 5 1
0 64 66 67 33 5 7 1
0 68 69 70 33 33 9 1
0 68 70 71 33 9 11 1
0 72 68 71 33 33 11 1
0 72 71 73 33 11 12 1
0 74 64 67 33 33 7 1
0 74 67 75 33 7 8 1
0 76 74 75 33 33 8 1
0 76 75 77 33 8 24 1
0 78 76 77 33 33 24 1
0 78 77 79 33 24 16 1
0 69 78 79 33 33 16 1
0 69 79 70 33 16 9 1
0 80 81 82 33 33 25 1
0 80 82 83 33 25 27 1
0 81 72 73 33 33 12 1
0 81 73 82 33 12 25 1
0 65 80 83 33 33 27 1
0 65 83 66 33 27 5 1
"inner" 0 1
23
0 0.000000 -10.800000 7.500000 0.505859 0.686250 -1
0 4.000000 -6.900000 7.500000 0.505859 0.621250 -1
0 4.000000 4.900000 7.499999 0.505859 0.424583 -1
0 0.850000 21.049999 7.499998 0.505859 0.155417 -1
0 -0.850000 21.049999 7.499998 0.505859 0.155417 -1
0 -4.000000 18.000000 7.499999 0.505859 0.206250 -1
0 4.000000 18.000000 7.499999 0.505859 0.206250 -1
0 -4.000000 8.300000 7.500000 0.505859 0.367917 -1
0 4.000000 8.300000 7.499999 0.505859 0.367917 -1
0 0.000000 4.462339 7.499999 0.505859 0.431878 -1
0 0.000000 0.900000 7.499999 0.505859 0.491250 -1
0 -4.000000 4.900000 7.500000 0.505859 0.424583 -1
0 -4.000000 -6.900000 7.500000 0.505859 0.621250 -1
0 23.000000 3.600000 7.500000 0.505859 0.446250 -1
0 21.500000 5.200000 7.500000 0.505859 0.419583 -1
0 19.500000 5.200000 7.500000 0.505859 0.419583 -1
0 23.000000 1.500000 7.500001 0.505859 0.481250 -1
0 -19.500000 5.200000 7.500000 0.505859 0.419583 -1
0 -21.500000 5.200000 7.500000 0.505859 0.419583 -1
0 -23.000000 3.600000 7.500000 0.505859 0.446250 -1
0 -23.000000 1.500000 7.500001 0.505859 0.481250 -1
0 0.000000 -21.500000 7.500003 0.505859 0.864583 -1
0 0.000000 -14.200000 7.500000 0.505859 0.742917 -1
1
-0.000000 -0.000000 1.000000
17
0 0 1 2 0 0 0 1
0 3 4 5 0 0 0 1
0 5 6 3 0 0 0 1
0 7 8 6 0 0 0 1
0 7 6 5 0 0 0 1
0 7 9 8 0 0 0 1
0 10 0 2 0 0 0 1
0 0 10 11 0 0 0 1
0 11 12 0 0 0 0 1
0 13 14 15 0 0 0 1
0 15 16 13 0 0 0 1
0 17 18 19 0 0 0 1
0 17 19 20 0 0 0 1
0 21 22 17 0 0 0 1
0 17 20 21 0 0 0 1
0 15 22 21 0 0 0 1
0 21 16 15 0 0 0 1

Materials: 2
"frame"
0.000000 0.000000 0.000000 1.000000
1.000000 1.000000 1.000000 1.000000
1.000000 1.000000 1.000000 1.000000
0.000000 0.000000 0.000000 1.000000
0.000000
1.000000
"textures/Frame 4th ani texture.ini"
""
"parts"
0.000000 0.000000 0.000000 1.000000
1.000000 1.000000 1.000000 1.000000
1.000000 1.000000 1.000000 1.000000
0.000000 0.000000 0.000000 1.000000
0.000000
1.000000
"textures/Tap Note 4th ani texture.ini"
""
