Materials: 4
"frame"
0.000000 0.000000 0.000000 1.000000
1.000000 1.000000 1.000000 1.000000
1.000000 1.000000 1.000000 1.000000
0.000000 0.000000 0.000000 1.000000
0.000000
1.000000
"textures/Hold Head Frame 48th ani texture.ini"
""
"parts"
0.000000 0.000000 0.000000 1.000000
1.000000 1.000000 1.000000 1.000000
1.000000 1.000000 1.000000 1.000000
0.000000 0.000000 0.000000 1.000000
0.000000
1.000000
"textures/Hold Head 48th ani texture.ini"
""
"center"
0.000000 0.000000 0.000000 1.000000
1.000000 1.000000 1.000000 1.000000
1.000000 1.000000 1.000000 1.000000
0.000000 0.000000 0.000000 1.000000
0.000000
1.000000
"textures/Hold Head 48th ani texture.ini"
""
"shine"
0.000000 0.000000 0.000000 1.000000
1.000000 1.000000 1.000000 1.000000
1.000000 1.000000 1.000000 1.000000
0.000000 0.000000 0.000000 1.000000
0.000000
1.000000
"textures/Hold Head Shine 48th ani texture.ini"
""