// MilkShape 3D ASCII

Frames: 30
Frame: 1

Meshes: 3
"frame" 0 0
30
0 18.500000 10.000000 2.999999 0.058594 0.333333 -1
0 10.000000 4.000000 -0.000000 0.058594 0.433333 -1
0 8.000000 -0.500000 3.000000 0.058594 0.508333 -1
0 -8.000000 -0.500000 3.000000 0.058594 0.508333 -1
0 -10.000000 22.000000 -0.000004 0.058594 0.133333 -1
0 -10.000000 4.000000 -0.000000 0.058594 0.433333 -1
0 1.500000 28.000000 2.999996 0.058594 0.033333 -1
0 2.000000 30.000000 -0.000004 0.058594 0.000000 -1
0 -2.000000 30.000000 -0.000004 0.058594 0.000000 -1
0 -1.500000 28.000000 2.999996 0.058594 0.033333 -1
0 8.000000 21.500000 2.999997 0.058594 0.141667 -1
0 10.000000 22.000000 -0.000004 0.058594 0.133333 -1
0 18.000000 12.000000 -0.000002 0.058594 0.300000 -1
0 23.500000 10.000000 2.999999 0.058594 0.333333 -1
0 24.000000 12.000000 -0.000002 0.058594 0.300000 -1
0 -18.500000 10.000000 2.999999 0.058594 0.333333 -1
0 -18.000000 12.000000 -0.000002 0.058594 0.300000 -1
0 -8.000000 21.500000 2.999997 0.058594 0.141667 -1
0 28.000000 5.500000 3.000000 0.058594 0.408333 -1
0 30.000000 6.000000 -0.000000 0.058594 0.400000 -1
0 30.000000 0.000000 0.000000 0.058594 0.500000 -1
0 28.000000 0.500000 3.000000 0.058594 0.491667 -1
0 0.000000 -27.500000 3.000004 0.058594 0.958333 -1
0 0.000000 -30.000000 0.000004 0.058594 1.000000 -1
0 -28.000000 0.500000 3.000000 0.058594 0.491667 -1
0 -30.000000 0.000000 0.000000 0.058594 0.500000 -1
0 -28.000000 5.500000 3.000000 0.058594 0.408333 -1
0 -30.000000 6.000000 -0.000000 0.058594 0.400000 -1
0 -23.500000 10.000000 2.999999 0.058594 0.333333 -1
0 -24.000000 12.000000 -0.000002 0.058594 0.300000 -1
7
-0.609200 0.609200 0.507700
-0.832100 -0.000000 0.554700
-0.000000 0.832100 0.554700
0.609200 0.609200 0.507700
0.832100 -0.000000 0.554700
0.609200 -0.609200 0.507700
-0.609200 -0.609200 0.507700
30
0 0 1 2 0 0 0 1
0 3 4 5 1 1 1 1
0 6 7 8 2 2 2 1
0 9 6 8 2 2 2 1
0 10 11 7 3 3 3 1
0 7 6 10 3 3 3 1
0 11 10 2 4 4 4 1
0 0 12 1 0 0 0 1
0 13 14 12 2 2 2 1
0 12 0 13 2 2 2 1
0 15 5 16 3 3 3 1
0 3 17 4 1 1 1 1
0 17 9 8 0 0 0 1
0 17 8 4 0 0 0 1
0 18 19 14 3 3 3 1
0 14 13 18 3 3 3 1
0 20 19 18 4 4 4 1
0 18 21 20 4 4 4 1
0 22 23 20 5 5 5 1
0 20 21 22 5 5 5 1
0 22 24 25 6 6 6 1
0 25 23 22 6 6 6 1
0 26 27 25 1 1 1 1
0 25 24 26 1 1 1 1
0 28 29 27 0 0 0 1
0 27 26 28 0 0 0 1
0 15 16 29 2 2 2 1
0 29 28 15 2 2 2 1
0 1 11 2 4 4 4 1
0 3 5 15 3 3 3 1
"outer" 0 1
126
0 -0.585786 20.000000 7.499998 0.468889 0.518018 -1
0 0.585786 20.000000 7.499998 0.468889 0.518018 -1
0 1.000000 21.000000 7.499998 0.468889 0.518018 -1
0 -1.000000 21.000000 7.499998 0.468889 0.518018 -1
0 -3.000000 17.585787 7.499999 0.468889 0.518018 -1
0 -4.000000 18.000000 7.499999 0.468889 0.518018 -1
0 3.000000 17.585787 7.499998 0.468889 0.518018 -1
0 4.000000 18.000000 7.499998 0.468889 0.518018 -1
0 3.000000 9.914214 7.499999 0.468889 0.518018 -1
0 4.000000 9.500001 7.499999 0.468889 0.518018 -1
0 -3.000000 9.914214 7.500000 0.468889 0.518018 -1
0 -4.000000 9.500001 7.500000 0.468889 0.518018 -1
0 0.000000 6.914214 7.500000 0.468889 0.518018 -1
0 0.000000 5.500000 7.500000 0.468889 0.518018 -1
0 3.000000 -4.085786 7.500000 0.468889 0.518018 -1
0 0.000000 -7.085786 7.500000 0.468889 0.518018 -1
0 0.000000 -8.499999 7.500000 0.468889 0.518018 -1
0 4.000000 -4.500000 7.500000 0.468889 0.518018 -1
0 3.000000 3.585787 7.500000 0.468889 0.518018 -1
0 4.000000 6.000000 7.500000 0.468889 0.518018 -1
0 0.000000 0.585787 7.500000 0.468889 0.518018 -1
0 0.000000 2.000000 7.500000 0.468889 0.518018 -1
0 -3.000000 3.585787 7.500000 0.468889 0.518018 -1
0 -4.000000 6.000000 7.500000 0.468889 0.518018 -1
0 -3.000000 -4.085786 7.500000 0.468889 0.518018 -1
0 -4.000000 -4.500000 7.500000 0.468889 0.518018 -1
0 21.585787 4.000000 7.500000 0.468889 0.518018 -1
0 22.000000 3.585787 7.500000 0.468889 0.518018 -1
0 23.000000 4.000000 7.500000 0.468889 0.518018 -1
0 22.000000 5.000000 7.500000 0.468889 0.518018 -1
0 19.914213 4.000000 7.500000 0.468889 0.518018 -1
0 19.500000 5.000000 7.500000 0.468889 0.518018 -1
0 22.000000 1.914214 7.500000 0.468889 0.518018 -1
0 23.000000 1.500001 7.500000 0.468889 0.518018 -1
0 -21.585787 4.000000 7.500000 0.468889 0.518018 -1
0 -19.914213 4.000000 7.500000 0.468889 0.518018 -1
0 -19.500000 5.000000 7.500000 0.468889 0.518018 -1
0 -22.000000 5.000000 7.500000 0.468889 0.518018 -1
0 -22.000000 3.585787 7.500000 0.468889 0.518018 -1
0 -23.000000 4.000000 7.500000 0.468889 0.518018 -1
0 -22.000000 1.914214 7.500000 0.468889 0.518018 -1
0 -23.000000 1.500001 7.500000 0.468889 0.518018 -1
0 -8.914213 -7.000000 7.500000 0.468889 0.518018 -1
0 -8.500000 -6.000000 7.500000 0.468889 0.518018 -1
0 0.000000 -20.085787 7.500002 0.468889 0.518018 -1
0 0.000000 -21.500000 7.500002 0.468889 0.518018 -1
0 8.914213 -7.000000 7.500000 0.468889 0.518018 -1
0 8.500000 -6.000000 7.500000 0.468889 0.518018 -1
0 0.000000 -12.914212 7.500002 0.468889 0.518018 -1
0 5.914214 -7.000000 7.500000 0.468889 0.518018 -1
0 5.500000 -6.000000 7.500000 0.468889 0.518018 -1
0 0.000000 -11.499999 7.500002 0.468889 0.518018 -1
0 -5.914214 -7.000000 7.500000 0.468889 0.518018 -1
0 -5.500000 -6.000000 7.500000 0.468889 0.518018 -1
0 1.000000 21.000000 7.499998 0.530090 0.123182 -1
0 1.173177 27.210979 3.999997 0.530090 0.011272 -1
0 -1.173177 27.210979 3.999997 0.530090 0.011272 -1
0 -1.000000 21.000000 7.499998 0.530090 0.123182 -1
0 -7.210979 21.173178 3.999997 0.530090 0.120062 -1
0 -4.000000 18.000000 7.499999 0.530090 0.177236 -1
0 -7.210979 -2.404864 4.000001 0.530090 0.544892 -1
0 -4.000000 -4.500000 7.500000 0.530090 0.582642 -1
0 0.000000 2.000000 7.500000 0.530090 0.465524 -1
0 0.000000 5.500000 7.500000 0.530090 0.402462 -1
0 -4.000000 9.500001 7.500000 0.530090 0.330390 -1
0 -4.000000 6.000000 7.500000 0.530090 0.393452 -1
0 4.000000 9.500001 7.499999 0.530090 0.330390 -1
0 4.000000 18.000000 7.499998 0.530090 0.177236 -1
0 7.210979 21.173178 3.999997 0.530090 0.120062 -1
0 4.000000 6.000000 7.500000 0.530090 0.393452 -1
0 4.000000 -4.500000 7.500000 0.530090 0.582642 -1
0 19.500000 5.000000 7.500000 0.530090 0.411470 -1
0 18.826822 9.210979 3.999999 0.530090 0.335596 -1
0 7.210979 -2.404864 4.000000 0.530090 0.544892 -1
0 8.500000 -6.000000 7.500000 0.530090 0.609668 -1
0 5.500000 -6.000000 7.500000 0.530090 0.609668 -1
0 0.000000 -11.499999 7.500002 0.530090 0.708768 -1
0 -5.500000 -6.000000 7.500000 0.530090 0.609668 -1
0 0.000000 -8.499999 7.500000 0.530090 0.654714 -1
0 -8.500000 -6.000000 7.500000 0.530090 0.609668 -1
0 -18.826822 9.210979 3.999999 0.530090 0.335596 -1
0 -19.500000 5.000000 7.500000 0.530090 0.411470 -1
0 -23.173178 9.210979 3.999999 0.530090 0.335596 -1
0 -22.000000 5.000000 7.500000 0.530090 0.411470 -1
0 -27.210979 5.173177 4.000000 0.530090 0.408350 -1
0 -23.000000 4.000000 7.500000 0.530090 0.429488 -1
0 -23.000000 1.500001 7.500000 0.530090 0.474534 -1
0 -27.210979 0.826823 4.000001 0.530090 0.486662 -1
0 0.000000 -26.384157 4.000004 0.530090 0.976950 -1
0 0.000000 -21.500000 7.500002 0.530090 0.888948 -1
0 27.210979 0.826823 4.000001 0.530090 0.486662 -1
0 23.000000 1.500001 7.500000 0.530090 0.474534 -1
0 27.210979 5.173177 4.000000 0.530090 0.408350 -1
0 23.000000 4.000000 7.500000 0.530090 0.429488 -1
0 23.173178 9.210979 3.999999 0.530090 0.335596 -1
0 22.000000 5.000000 7.500000 0.530090 0.411470 -1
0 1.173177 27.210979 3.999997 0.556906 0.014216 -1
0 -1.500000 28.000000 2.999996 0.556906 0.000000 -1
0 -1.173177 27.210979 3.999997 0.556906 0.014216 -1
0 8.000000 21.500000 2.999997 0.556906 0.117118 -1
0 1.500000 28.000000 2.999996 0.556906 0.000000 -1
0 -18.826822 9.210979 3.999999 0.556906 0.338540 -1
0 -23.500000 10.000000 2.999999 0.556906 0.324324 -1
0 -23.173178 9.210979 3.999999 0.556906 0.338540 -1
0 -27.210979 5.173177 4.000000 0.556906 0.411294 -1
0 27.210979 0.826823 4.000001 0.556906 0.489606 -1
0 28.000000 0.500000 3.000000 0.556906 0.495496 -1
0 27.210979 5.173177 4.000000 0.556906 0.411294 -1
0 23.173178 9.210979 3.999999 0.556906 0.338540 -1
0 23.500000 10.000000 2.999999 0.556906 0.324324 -1
0 7.210979 21.173178 3.999997 0.556906 0.123006 -1
0 8.000000 -0.500000 3.000000 0.556906 0.513514 -1
0 0.000000 -26.384157 4.000004 0.556906 0.979894 -1
0 -28.000000 0.500000 3.000000 0.556906 0.495496 -1
0 0.000000 -27.500000 3.000004 0.556906 1.000000 -1
0 -7.210979 21.173178 3.999997 0.556906 0.123006 -1
0 -8.000000 -0.500000 3.000000 0.556906 0.513514 -1
0 -7.210979 -2.404864 4.000001 0.556906 0.547836 -1
0 -8.000000 21.500000 2.999997 0.556906 0.117118 -1
0 -27.210979 0.826823 4.000001 0.556906 0.489606 -1
0 18.826822 9.210979 3.999999 0.556906 0.338540 -1
0 -18.500000 10.000000 2.999999 0.556906 0.324324 -1
0 7.210979 -2.404864 4.000000 0.556906 0.547836 -1
0 28.000000 5.500000 3.000000 0.556906 0.405406 -1
0 -28.000000 5.500000 3.000000 0.556906 0.405406 -1
0 18.500000 10.000000 2.999999 0.556906 0.324324 -1
48
-0.000000 -0.000000 1.000000
0.034000 0.061800 0.997500
-0.027800 0.050600 0.998300
-0.082300 0.024800 0.996300
0.082300 0.024700 0.996300
0.668800 -0.000000 0.743500
-0.668800 -0.000000 0.743500
0.435600 0.194100 0.878900
0.148400 -0.000000 0.988900
-0.148400 -0.000000 0.988900
-0.435600 0.194100 0.878900
0.074800 0.033800 0.996600
0.027700 0.061200 0.997700
-0.304200 0.624700 0.719200
0.624700 -0.304300 0.719200
0.037100 0.076200 0.996400
-0.033800 0.074800 0.996600
-0.061200 0.027700 0.997700
-0.624700 -0.304300 0.719200
0.236900 0.583100 0.777100
-0.000000 -0.105600 0.994400
-0.231900 0.571000 0.787600
0.022300 0.052700 0.998400
-0.022200 0.052700 0.998400
0.179400 0.504500 0.844600
-0.176000 0.498100 0.849100
-0.578600 0.277200 0.767000
-0.173500 0.405300 0.897600
0.578600 0.277200 0.767000
-0.295000 0.708400 0.641300
0.174100 0.405500 0.897300
0.231300 0.611200 0.756900
-0.233600 0.591600 0.771600
-0.593800 0.234700 0.769700
-0.609900 -0.230500 0.758200
-0.000000 -0.595600 0.803300
0.609900 -0.230500 0.758200
0.595300 0.235500 0.768200
0.232900 0.590200 0.772900
-0.291000 0.702500 0.649400
0.702500 0.291000 0.649400
0.291000 0.702500 0.649400
0.702500 -0.291000 0.649400
0.167000 0.403200 0.899800
-0.702500 -0.291000 0.649400
-0.000000 -0.667400 0.744700
-0.167000 0.403200 0.899800
-0.702500 0.291000 0.649400
130
0 0 1 2 0 0 1 1
0 0 2 3 0 1 2 1
0 4 0 3 0 0 2 1
0 4 3 5 0 2 3 1
0 1 6 7 0 0 4 1
0 1 7 2 0 4 1 1
0 6 8 9 0 0 5 1
0 6 9 7 0 5 4 1
0 10 4 5 0 0 3 1
0 10 5 11 0 3 6 1
0 12 10 11 0 0 6 1
0 12 11 13 0 6 0 1
0 8 12 13 0 0 0 1
0 8 13 9 0 0 5 1
0 14 15 16 0 0 0 1
0 14 16 17 0 0 7 1
0 18 14 17 0 0 7 1
0 18 17 19 0 7 8 1
0 20 18 19 0 0 8 1
0 20 19 21 0 8 0 1
0 22 20 21 0 0 0 1
0 22 21 23 0 0 9 1
0 24 22 23 0 0 9 1
0 24 23 25 0 9 10 1
0 15 24 25 0 0 10 1
0 15 25 16 0 10 0 1
0 26 27 28 0 0 11 1
0 26 28 29 0 11 12 1
0 30 26 29 0 0 12 1
0 30 29 31 0 12 13 1
0 27 32 33 0 0 14 1
0 27 33 28 0 14 11 1
0 34 35 36 0 0 15 1
0 34 36 37 0 15 16 1
0 38 34 37 0 0 16 1
0 38 37 39 0 16 17 1
0 40 38 39 0 0 17 1
0 40 39 41 0 17 18 1
0 35 42 43 0 0 19 1
0 35 43 36 0 19 15 1
0 44 40 41 0 0 18 1
0 44 41 45 0 18 20 1
0 46 30 31 0 0 13 1
0 46 31 47 0 13 21 1
0 32 44 45 0 0 20 1
0 32 45 33 0 20 14 1
0 48 49 50 0 0 22 1
0 48 50 51 0 22 0 1
0 49 46 47 0 0 21 1
0 49 47 50 0 21 22 1
0 52 48 51 0 0 0 1
0 52 51 53 0 0 23 1
0 42 52 53 0 0 23 1
0 42 53 43 0 23 19 1
0 54 55 56 1 24 25 1
0 56 57 54 25 2 1 1
0 58 59 56 26 3 25 1
0 60 61 58 27 10 26 1
0 62 63 64 0 0 6 1
0 64 65 62 6 9 0 1
0 63 62 66 0 0 5 1
0 67 68 55 4 28 24 1
0 67 55 54 4 24 1 1
0 68 67 66 28 4 5 1
0 68 66 69 28 5 8 1
0 68 69 70 28 8 7 1
0 71 72 73 13 29 30 1
0 74 71 73 21 13 30 1
0 75 74 73 22 21 30 1
0 70 75 73 7 22 30 1
0 75 70 76 22 7 0 1
0 61 77 76 10 23 0 1
0 61 76 78 10 0 0 1
0 60 77 61 27 23 10 1
0 60 79 77 27 19 23 1
0 80 81 79 31 15 19 1
0 79 60 80 19 27 31 1
0 80 82 81 31 32 15 1
0 82 83 81 32 16 15 1
0 84 85 83 33 17 16 1
0 83 82 84 16 32 33 1
0 84 86 85 33 18 17 1
0 84 87 86 33 34 18 1
0 88 89 86 35 20 18 1
0 86 87 88 18 34 35 1
0 88 90 91 35 36 14 1
0 88 91 89 35 14 20 1
0 90 92 91 36 37 14 1
0 92 93 91 37 11 14 1
0 94 95 93 38 12 11 1
0 94 93 92 38 11 37 1
0 71 95 94 13 12 38 1
0 71 94 72 13 38 29 1
0 70 78 76 7 0 0 1
0 68 70 73 28 7 30 1
0 59 57 56 3 2 25 1
0 58 61 65 26 10 9 1
0 58 65 64 26 9 6 1
0 58 64 59 26 6 3 1
0 96 97 98 24 39 25 1
0 96 99 100 24 40 41 1
0 101 102 103 31 39 32 1
0 103 102 104 32 39 33 1
0 105 106 107 36 42 37 1
0 108 107 109 38 37 41 1
0 110 111 99 28 43 40 1
0 112 113 114 35 44 45 1
0 115 116 117 26 46 27 1
0 115 98 118 26 25 47 1
0 104 113 119 33 44 34 1
0 112 106 105 35 42 36 1
0 108 109 120 38 41 29 1
0 101 116 121 31 46 41 1
0 120 111 122 29 43 30 1
0 62 69 66 0 8 5 1
0 96 100 97 24 41 39 1
0 96 110 99 24 28 40 1
0 101 121 102 31 41 39 1
0 106 123 107 42 40 37 1
0 102 124 104 39 47 33 1
0 110 122 111 28 30 43 1
0 112 119 113 35 34 44 1
0 115 118 116 26 47 46 1
0 109 125 120 41 39 29 1
0 104 124 113 33 47 44 1
0 112 114 106 35 45 42 1
0 107 123 109 37 40 41 1
0 101 117 116 31 27 46 1
0 120 125 111 29 39 43 1
0 98 97 118 25 39 47 1
"inner" 0 1
27
0 0.000000 -8.499999 7.500000 0.505801 0.651801 -1
0 4.000000 -4.500000 7.500000 0.505801 0.586936 -1
0 4.000000 6.000000 7.500000 0.505801 0.416667 -1
0 1.000000 21.000000 7.499998 0.505801 0.173424 -1
0 -1.000000 21.000000 7.499998 0.505801 0.173424 -1
0 -4.000000 18.000000 7.499999 0.505801 0.222073 -1
0 4.000000 18.000000 7.499998 0.505801 0.222073 -1
0 -4.000000 9.500001 7.500000 0.505801 0.359910 -1
0 4.000000 9.500001 7.499999 0.505801 0.359910 -1
0 0.000000 5.500000 7.500000 0.505801 0.424774 -1
0 0.000000 2.000000 7.500000 0.505801 0.481532 -1
0 -4.000000 6.000000 7.500000 0.505801 0.416667 -1
0 -4.000000 -4.500000 7.500000 0.505801 0.586936 -1
0 0.000000 -21.500000 7.500002 0.505801 0.862612 -1
0 8.500000 -6.000000 7.500000 0.505801 0.611262 -1
0 0.000000 -11.499999 7.500002 0.505801 0.700450 -1
0 -8.500000 -6.000000 7.500000 0.505801 0.611262 -1
0 23.000000 4.000000 7.500000 0.505801 0.449100 -1
0 22.000000 5.000000 7.500000 0.505801 0.432883 -1
0 19.500000 5.000000 7.500000 0.505801 0.432883 -1
0 23.000000 1.500001 7.500000 0.505801 0.489639 -1
0 -19.500000 5.000000 7.500000 0.505801 0.432883 -1
0 -22.000000 5.000000 7.500000 0.505801 0.432883 -1
0 -23.000000 4.000000 7.500000 0.505801 0.449100 -1
0 -23.000000 1.500001 7.500000 0.505801 0.489639 -1
0 5.500000 -6.000000 7.500000 0.505801 0.611262 -1
0 -5.500000 -6.000000 7.500000 0.505801 0.611262 -1
1
-0.000000 -0.000000 1.000000
21
0 0 1 2 0 0 0 1
0 3 4 5 0 0 0 1
0 5 6 3 0 0 0 1
0 7 8 6 0 0 0 1
0 7 6 5 0 0 0 1
0 7 9 8 0 0 0 1
0 10 0 2 0 0 0 1
0 0 10 11 0 0 0 1
0 11 12 0 0 0 0 1
0 13 14 15 0 0 0 1
0 13 15 16 0 0 0 1
0 17 18 19 0 0 0 1
0 19 20 17 0 0 0 1
0 21 22 23 0 0 0 1
0 21 23 24 0 0 0 1
0 13 16 21 0 0 0 1
0 21 24 13 0 0 0 1
0 19 14 13 0 0 0 1
0 13 20 19 0 0 0 1
0 15 14 25 0 0 0 1
0 15 26 16 0 0 0 1

Materials: 2
"frame"
0.000000 0.000000 0.000000 1.000000
1.000000 1.000000 1.000000 1.000000
1.000000 1.000000 1.000000 1.000000
0.000000 0.000000 0.000000 1.000000
0.000000
1.000000
"textures/Frame 4th ani texture.ini"
""
"parts"
0.000000 0.000000 0.000000 1.000000
1.000000 1.000000 1.000000 1.000000
1.000000 1.000000 1.000000 1.000000
0.000000 0.000000 0.000000 1.000000
0.000000
1.000000
"textures/Tap Note 4th ani texture.ini"
""
