// MilkShape 3D ASCII

Frames: 30
Frame: 1

Meshes: 2
"center" 0 1
100
0 -0.000048 7.930851 4.000000 0.993798 0.595752 0
0 -7.360261 15.240675 4.000000 0.952834 0.663000 0
0 -0.000048 0.000000 7.021670 0.973316 0.537507 0
0 -14.720474 22.550497 4.000000 0.903513 0.342584 0
0 -14.600368 25.769884 1.000000 0.904176 0.342584 0
0 -25.858728 14.598127 1.000000 0.842049 0.342584 0
0 -22.617950 14.713770 4.000000 0.859933 0.342584 0
0 -18.669212 18.632133 4.000000 0.881723 0.342584 0
0 -22.617950 14.713770 4.000000 0.824166 0.342584 0
0 -11.210608 0.000000 1.000000 0.761217 0.342584 0
0 -7.853792 -0.000000 4.000000 0.742693 0.342584 0
0 -15.235871 7.356885 4.000000 0.783430 0.342584 0
0 -11.210608 0.000000 1.000000 0.724169 0.342584 0
0 -25.858728 -14.598127 1.000000 0.643337 0.342584 0
0 -22.617950 -14.713770 4.000000 0.661221 0.342584 0
0 -15.235870 -7.356885 4.000000 0.701957 0.342584 0
0 -22.617950 -14.713770 4.000000 0.625454 0.342584 0
0 -14.600368 -25.769884 1.000000 0.581211 0.342584 0
0 -14.720474 -22.550497 4.000000 0.581873 0.342584 0
0 -18.669212 -18.632133 4.000000 0.603664 0.342584 0
0 22.617907 14.713770 4.000000 0.140026 0.342584 0
0 25.858685 14.598127 1.000000 0.157909 0.342584 0
0 14.600324 25.769884 1.000000 0.096446 0.342584 0
0 14.720427 22.550501 4.000000 0.096446 0.342584 0
0 18.669167 18.632135 4.000000 0.118236 0.342584 0
0 14.600324 25.769884 1.000000 0.095783 0.342584 0
0 -0.000045 11.269519 0.000000 0.015214 0.342584 0
0 -0.000048 7.930851 4.000000 0.015214 0.342584 0
0 7.360189 15.240677 4.000000 0.055830 0.342584 0
0 7.853748 -0.000000 4.000000 0.257265 0.342584 0
0 11.210564 0.000000 1.000000 0.238741 0.342584 0
0 22.617907 14.713770 4.000000 0.175793 0.342584 0
0 15.235827 7.356885 4.000000 0.216529 0.342584 0
0 22.617907 -14.713770 4.000000 0.338738 0.342584 0
0 25.858685 -14.598127 1.000000 0.356621 0.342584 0
0 11.210564 0.000000 1.000000 0.275789 0.342584 0
0 15.235826 -7.356885 4.000000 0.298002 0.342584 0
0 14.720427 -22.550501 4.000000 0.418085 0.342584 0
0 14.600324 -25.769884 1.000000 0.418748 0.342584 0
0 22.617907 -14.713770 4.000000 0.374505 0.342584 0
0 18.669167 -18.632135 4.000000 0.396295 0.342584 0
0 -0.000048 -7.930851 4.000000 0.499979 0.342584 0
0 -0.000045 -11.269519 1.000000 0.499979 0.342584 0
0 14.600324 -25.769884 1.000000 0.419411 0.342584 0
0 14.720427 -22.550501 4.000000 0.418748 0.342584 0
0 7.360189 -15.240677 4.000000 0.459364 0.342584 0
0 -0.000048 7.930851 4.000000 0.985407 0.342584 0
0 -0.000045 11.269519 0.000000 0.985407 0.342584 0
0 -14.600368 25.769884 1.000000 0.904839 0.342584 0
0 -14.720474 22.550497 4.000000 0.904176 0.342584 0
0 -7.360261 15.240675 4.000000 0.944791 0.342584 0
0 -14.720474 -22.550497 4.000000 0.581211 0.342584 0
0 -14.600368 -25.769884 1.000000 0.580548 0.342584 0
0 -7.360261 -15.240675 4.000000 0.540595 0.342584 0
0 -0.000048 7.930851 4.000000 0.009038 0.595752 0
0 -0.000048 0.000000 7.021670 0.029343 0.537507 0
0 7.360189 15.240677 4.000000 0.049272 0.663000 0
0 -0.000048 0.000000 7.021670 0.684210 0.537507 0
0 -15.235870 -7.356885 4.000000 0.706360 0.662531 0
0 -22.617950 -14.713770 4.000000 0.663728 0.738133 0
0 7.853748 -0.000000 4.000000 0.254091 0.595752 0
0 -0.000048 0.000000 7.021670 0.274573 0.537507 0
0 15.235826 -7.356885 4.000000 0.295055 0.663000 0
0 -0.000048 0.000000 7.021670 0.807101 0.537507 0
0 -22.617950 14.713770 4.000000 0.827583 0.738133 0
0 -15.235871 7.356885 4.000000 0.786620 0.663000 0
0 -0.000048 0.000000 7.021670 0.888949 0.537507 0
0 -14.720474 22.550497 4.000000 0.909255 0.738133 0
0 -18.669212 18.632133 4.000000 0.868547 0.738133 0
0 14.720427 22.550501 4.000000 0.090236 0.738133 0
0 -0.000048 0.000000 7.021670 0.110718 0.537507 0
0 18.669167 18.632135 4.000000 0.131200 0.738133 0
0 22.617907 14.713770 4.000000 0.172164 0.738133 0
0 -0.000048 0.000000 7.021670 0.192646 0.537507 0
0 15.235827 7.356885 4.000000 0.213127 0.663000 0
0 22.617907 -14.713770 4.000000 0.336019 0.738133 0
0 -0.000048 0.000000 7.021670 0.356500 0.537507 0
0 18.669167 -18.632135 4.000000 0.376982 0.738133 0
0 14.720427 -22.550501 4.000000 0.417946 0.738133 0
0 -0.000048 0.000000 7.021670 0.438428 0.537507 0
0 7.360189 -15.240677 4.000000 0.458910 0.663000 0
0 -18.669212 -18.632133 4.000000 0.622765 0.738133 0
0 -0.000048 0.000000 7.021670 0.643246 0.537507 0
0 -0.000048 0.000000 7.021670 0.520355 0.537507 0
0 -7.360261 -15.240675 4.000000 0.540837 0.663000 0
0 -0.000048 -7.930851 4.000000 0.499873 0.595752 0
0 -7.853792 -0.000000 4.000000 0.745656 0.595752 0
0 -0.000048 0.000000 7.021670 0.766138 0.537507 0
0 -0.000048 0.000000 7.021670 0.848065 0.537507 0
0 -0.000048 0.000000 7.021670 0.725174 0.537507 0
0 -0.000048 0.000000 7.021670 0.602283 0.537507 0
0 -14.720474 -22.550497 4.000000 0.581801 0.738133 0
0 -0.000048 0.000000 7.021670 0.561319 0.537507 0
0 -0.000048 0.000000 7.021670 0.479392 0.537507 0
0 -0.000048 0.000000 7.021670 0.397464 0.537507 0
0 -0.000048 0.000000 7.021670 0.233609 0.537507 0
0 -0.000048 0.000000 7.021670 0.315537 0.537507 0
0 -0.000048 0.000000 7.021670 0.151682 0.537507 0
0 -0.000048 0.000000 7.021670 0.069754 0.537507 0
0 -0.000048 0.000000 7.021670 0.932352 0.537507 0
24
0.333400 0.335700 0.881000
-0.568000 0.572400 0.591500
-0.553900 -0.555800 0.619800
-0.553900 0.555800 0.619800
-0.568000 -0.572400 0.591500
0.568000 0.572400 0.591500
-0.595900 0.580900 0.554500
0.553900 -0.555800 0.619800
0.553900 0.555800 0.619800
0.568000 -0.572400 0.591500
-0.553000 -0.556900 0.619700
0.595900 0.580900 0.554500
0.553000 -0.556900 0.619700
-0.333400 0.335700 0.881000
-0.337800 0.339000 0.878000
0.337800 0.339000 0.878000
-0.337800 -0.339000 0.878000
-0.080200 0.080800 0.993500
0.080200 0.080800 0.993500
0.337800 -0.339000 0.878000
0.080200 -0.080800 0.993500
-0.333400 -0.335700 0.881000
-0.080200 -0.080800 0.993500
0.333400 -0.335700 0.881000
60
0 0 1 2 0 0 0 1
0 3 4 5 1 1 1 1
0 3 5 6 1 1 1 1
0 3 6 7 1 1 1 1
0 8 5 9 2 2 2 1
0 8 9 10 2 2 2 1
0 8 10 11 2 2 2 1
0 10 12 13 3 3 3 1
0 10 13 14 3 3 3 1
0 10 14 15 3 3 3 1
0 16 13 17 4 4 4 1
0 16 17 18 4 4 4 1
0 16 18 19 4 4 4 1
0 20 21 22 5 5 5 1
0 20 22 23 5 5 5 1
0 20 23 24 5 5 5 1
0 23 25 26 6 6 6 1
0 23 26 27 6 6 6 1
0 23 27 28 6 6 6 1
0 29 30 21 7 7 7 1
0 29 21 31 7 7 7 1
0 29 31 32 7 7 7 1
0 33 34 35 8 8 8 1
0 33 35 29 8 8 8 1
0 33 29 36 8 8 8 1
0 37 38 34 9 9 9 1
0 37 34 39 9 9 9 1
0 37 39 40 9 9 9 1
0 41 42 43 10 10 10 1
0 41 43 44 10 10 10 1
0 41 44 45 10 10 10 1
0 46 47 48 11 11 11 1
0 46 48 49 11 11 11 1
0 46 49 50 11 11 11 1
0 51 52 42 12 12 12 1
0 51 42 41 12 12 12 1
0 51 41 53 12 12 12 1
0 54 55 56 13 13 13 1
0 57 58 59 14 14 14 1
0 60 61 62 15 15 15 1
0 63 64 65 16 16 16 1
0 66 67 68 17 17 17 1
0 69 70 71 18 18 18 1
0 72 73 74 19 19 19 1
0 75 76 77 20 20 20 1
0 78 79 80 21 21 21 1
0 59 81 82 22 22 22 1
0 83 84 85 23 23 23 1
0 65 86 87 16 16 16 1
0 68 64 88 17 17 17 1
0 58 89 86 14 14 14 1
0 90 81 91 22 22 22 1
0 84 92 91 23 23 23 1
0 80 93 85 21 21 21 1
0 77 94 78 20 20 20 1
0 74 95 60 19 19 19 1
0 62 96 75 15 15 15 1
0 71 97 72 18 18 18 1
0 56 98 69 13 13 13 1
0 99 1 67 0 0 0 1
"outer" 0 0
48
0 -14.600368 25.769884 1.000000 0.988370 0.098511 0
0 -14.600000 27.500000 0.000000 0.988370 0.098511 0
0 -27.600000 14.600000 0.000000 0.011630 0.098511 0
0 -25.858728 14.598127 1.000000 0.011630 0.098511 0
0 -25.858728 14.598127 1.000000 0.988370 0.098511 0
0 -27.600000 14.600000 0.000000 0.988370 0.098511 0
0 -12.950000 0.000000 0.000000 0.011630 0.098511 0
0 -11.210608 0.000000 1.000000 0.011630 0.098511 0
0 -11.210608 0.000000 1.000000 0.988370 0.098511 0
0 -12.950000 0.000000 0.000000 0.988370 0.098511 0
0 -27.600000 -14.600000 0.000000 0.011630 0.098511 0
0 -25.858728 -14.598127 1.000000 0.011630 0.098511 0
0 -25.858728 -14.598127 1.000000 0.988370 0.098511 0
0 -27.600000 -14.600000 0.000000 0.988370 0.098511 0
0 -14.600000 -27.500000 0.000000 0.011630 0.098511 0
0 -14.600368 -25.769884 1.000000 0.011630 0.098511 0
0 25.858685 14.598127 1.000000 0.988370 0.098511 0
0 27.599957 14.600000 0.000000 0.988370 0.098511 0
0 14.599957 27.500000 0.000000 0.011630 0.098511 0
0 14.600324 25.769884 1.000000 0.011630 0.098511 0
0 14.600324 25.769884 1.000000 0.988370 0.098511 0
0 14.599957 27.500000 0.000000 0.988370 0.098511 0
0 -0.000044 13.000000 0.000000 0.011630 0.098511 0
0 -0.000045 11.269519 1.000000 0.011630 0.098511 0
0 11.210564 0.000000 1.000000 0.988370 0.098511 0
0 12.949956 0.000000 0.000000 0.988370 0.098511 0
0 27.599957 14.600000 0.000000 0.011630 0.098511 0
0 25.858685 14.598127 1.000000 0.011630 0.098511 0
0 25.858685 -14.598127 1.000000 0.988370 0.098511 0
0 27.599957 -14.600000 0.000000 0.988370 0.098511 0
0 12.949956 0.000000 0.000000 0.011630 0.098511 0
0 11.210564 0.000000 1.000000 0.011630 0.098511 0
0 14.600324 -25.769884 1.000000 0.988370 0.098511 0
0 14.599957 -27.500000 0.000000 0.988370 0.098511 0
0 27.599957 -14.600000 0.000000 0.011630 0.098511 0
0 25.858685 -14.598127 1.000000 0.011630 0.098511 0
0 -0.000045 -11.269519 1.000000 0.988370 0.098511 0
0 -0.000044 -13.000000 0.000000 0.988370 0.098511 0
0 14.599957 -27.500000 0.000000 0.011630 0.098511 0
0 14.600324 -25.769884 1.000000 0.011630 0.098511 0
0 -0.000045 11.269519 1.000000 0.988370 0.098511 0
0 -0.000044 13.000000 0.000000 0.988370 0.098511 0
0 -14.600000 27.500000 0.000000 0.011630 0.098511 0
0 -14.600368 25.769884 1.000000 0.011630 0.098511 0
0 -14.600368 -25.769884 1.000000 0.988370 0.098511 0
0 -14.600000 -27.500000 0.000000 0.988370 0.098511 0
0 -0.000044 -13.000000 0.000000 0.011630 0.098511 0
0 -0.000045 -11.269519 1.000000 0.011630 0.098511 0
12
-0.444800 0.448300 0.775400
-0.445800 -0.447300 0.775400
-0.445800 0.447300 0.775400
-0.444800 -0.448300 0.775400
0.444800 0.448300 0.775400
-0.445000 0.448100 0.775400
0.445800 -0.447300 0.775400
0.445800 0.447300 0.775400
0.444800 -0.448300 0.775400
-0.445000 -0.448100 0.775400
0.445000 0.448100 0.775400
0.445000 -0.448100 0.775400
24
0 0 1 2 0 0 0 1
0 0 2 3 0 0 0 1
0 4 5 6 1 1 1 1
0 4 6 7 1 1 1 1
0 8 9 10 2 2 2 1
0 8 10 11 2 2 2 1
0 12 13 14 3 3 3 1
0 12 14 15 3 3 3 1
0 16 17 18 4 4 4 1
0 16 18 19 4 4 4 1
0 20 21 22 5 5 5 1
0 20 22 23 5 5 5 1
0 24 25 26 6 6 6 1
0 24 26 27 6 6 6 1
0 28 29 30 7 7 7 1
0 28 30 31 7 7 7 1
0 32 33 34 8 8 8 1
0 32 34 35 8 8 8 1
0 36 37 38 9 9 9 1
0 36 38 39 9 9 9 1
0 40 41 42 10 10 10 1
0 40 42 43 10 10 10 1
0 44 45 46 11 11 11 1
0 44 46 47 11 11 11 1

Materials: 2
"white outer"
0.000000 0.000000 0.000000 1.000000
1.000000 1.000000 1.000000 1.000000
1.000000 1.000000 1.000000 1.000000
0.000000 0.000000 0.000000 1.000000
0.000000
1.000000
"_mine tex.png"
""
"red middle"
1.000000 1.000000 1.000000 1.000000
1.000000 1.000000 1.000000 1.000000
0.898039 0.898039 0.898039 1.000000
0.000000 0.000000 0.000000 1.000000
12.799999
1.000000
"_mine ani tex.ini"
""

Bones: 1
"joint1"
""
0 0 0 0 0 0 0
2
1.000000 0.000000 0.000000 0.000000
120.000000 0.000000 0.000000 0.000000
3
1.000000 0.000000 0.000000 0.000000
60.000000 0.000000 0.000000 3.1
120.000000 0.000000 0.000000 6.2

GroupComments: 0
MaterialComments: 0
BoneComments: 0
ModelComment: 0