// MilkShape 3D ASCII

Frames: 30
Frame: 1

Meshes: 3
"frame" 0 0
30
0 18.500000 10.000000 2.999999 0.058594 0.333333 -1
0 10.000000 4.000000 -0.000000 0.058594 0.433333 -1
0 8.000000 -0.500000 3.000000 0.058594 0.508333 -1
0 -8.000000 -0.500000 3.000000 0.058594 0.508333 -1
0 -10.000000 22.000000 -0.000004 0.058594 0.133333 -1
0 -10.000000 4.000000 -0.000000 0.058594 0.433333 -1
0 1.500000 28.000000 2.999996 0.058594 0.033333 -1
0 2.000000 30.000000 -0.000004 0.058594 0.000000 -1
0 -2.000000 30.000000 -0.000004 0.058594 0.000000 -1
0 -1.500000 28.000000 2.999996 0.058594 0.033333 -1
0 8.000000 21.500000 2.999997 0.058594 0.141667 -1
0 10.000000 22.000000 -0.000004 0.058594 0.133333 -1
0 18.000000 12.000000 -0.000002 0.058594 0.300000 -1
0 23.500000 10.000000 2.999999 0.058594 0.333333 -1
0 24.000000 12.000000 -0.000002 0.058594 0.300000 -1
0 -18.500000 10.000000 2.999999 0.058594 0.333333 -1
0 -18.000000 12.000000 -0.000002 0.058594 0.300000 -1
0 -8.000000 21.500000 2.999997 0.058594 0.141667 -1
0 28.000000 5.500000 3.000000 0.058594 0.408333 -1
0 30.000000 6.000000 -0.000000 0.058594 0.400000 -1
0 30.000000 0.000000 0.000000 0.058594 0.500000 -1
0 28.000000 0.500000 3.000000 0.058594 0.491667 -1
0 0.000000 -27.500000 3.000004 0.058594 0.958333 -1
0 0.000000 -30.000000 0.000004 0.058594 1.000000 -1
0 -28.000000 0.500000 3.000000 0.058594 0.491667 -1
0 -30.000000 0.000000 0.000000 0.058594 0.500000 -1
0 -28.000000 5.500000 3.000000 0.058594 0.408333 -1
0 -30.000000 6.000000 -0.000000 0.058594 0.400000 -1
0 -23.500000 10.000000 2.999999 0.058594 0.333333 -1
0 -24.000000 12.000000 -0.000002 0.058594 0.300000 -1
7
-0.609200 0.609200 0.507700
-0.832100 -0.000000 0.554700
-0.000000 0.832100 0.554700
0.609200 0.609200 0.507700
0.832100 -0.000000 0.554700
0.609200 -0.609200 0.507700
-0.609200 -0.609200 0.507700
30
0 0 1 2 0 0 0 1
0 3 4 5 1 1 1 1
0 6 7 8 2 2 2 1
0 9 6 8 2 2 2 1
0 10 11 7 3 3 3 1
0 7 6 10 3 3 3 1
0 11 10 2 4 4 4 1
0 0 12 1 0 0 0 1
0 13 14 12 2 2 2 1
0 12 0 13 2 2 2 1
0 15 5 16 3 3 3 1
0 3 17 4 1 1 1 1
0 17 9 8 0 0 0 1
0 17 8 4 0 0 0 1
0 18 19 14 3 3 3 1
0 14 13 18 3 3 3 1
0 20 19 18 4 4 4 1
0 18 21 20 4 4 4 1
0 22 23 20 5 5 5 1
0 20 21 22 5 5 5 1
0 22 24 25 6 6 6 1
0 25 23 22 6 6 6 1
0 26 27 25 1 1 1 1
0 25 24 26 1 1 1 1
0 28 29 27 0 0 0 1
0 27 26 28 0 0 0 1
0 15 16 29 2 2 2 1
0 29 28 15 2 2 2 1
0 1 11 2 4 4 4 1
0 3 5 15 3 3 3 1
"outer" 0 1
126
0 -0.585786 20.000000 6.499998 0.505801 0.189640 -1
0 0.585786 20.000000 6.499998 0.505801 0.189640 -1
0 1.000000 21.000000 7.499998 0.505801 0.173424 -1
0 -1.000000 21.000000 7.499998 0.505801 0.173424 -1
0 -3.000000 17.585787 6.499999 0.505801 0.228790 -1
0 -4.000000 18.000000 7.499999 0.505801 0.222073 -1
0 3.000000 17.585787 6.499998 0.505801 0.228790 -1
0 4.000000 18.000000 7.499998 0.505801 0.222073 -1
0 3.000000 9.914214 6.499999 0.505801 0.353193 -1
0 4.000000 9.500001 7.499999 0.505801 0.359910 -1
0 -3.000000 9.914214 6.500000 0.505801 0.353193 -1
0 -4.000000 9.500001 7.500000 0.505801 0.359910 -1
0 -0.000000 6.914214 6.500000 0.505801 0.401841 -1
0 0.000000 5.500000 7.500000 0.505801 0.424774 -1
0 3.000000 -4.085786 6.500000 0.505801 0.580220 -1
0 0.000000 -7.085786 6.500000 0.505801 0.628868 -1
0 0.000000 -8.499999 7.500000 0.505801 0.651801 -1
0 4.000000 -4.500000 7.500000 0.505801 0.586936 -1
0 3.000000 3.585787 6.500000 0.505801 0.455816 -1
0 4.000000 6.000000 7.500000 0.505801 0.416667 -1
0 0.000000 0.585787 6.500000 0.505801 0.504465 -1
0 0.000000 2.000000 7.500000 0.505801 0.481532 -1
0 -3.000000 3.585787 6.500000 0.505801 0.455816 -1
0 -4.000000 6.000000 7.500000 0.505801 0.416667 -1
0 -3.000000 -4.085786 6.500000 0.505801 0.580220 -1
0 -4.000000 -4.500000 7.500000 0.505801 0.586936 -1
0 21.585787 4.000000 6.500000 0.505801 0.449100 -1
0 22.000000 3.585787 6.500000 0.505801 0.455816 -1
0 23.000000 4.000000 7.500000 0.505801 0.449100 -1
0 22.000000 5.000000 7.500000 0.505801 0.432883 -1
0 19.914213 4.000000 6.500000 0.505801 0.449099 -1
0 19.500000 5.000000 7.500000 0.505801 0.432883 -1
0 22.000000 1.914214 6.500000 0.505801 0.482922 -1
0 23.000000 1.500001 7.500000 0.505801 0.489639 -1
0 -21.585787 4.000000 6.500000 0.505801 0.449100 -1
0 -19.914213 4.000000 6.500000 0.505801 0.449099 -1
0 -19.500000 5.000000 7.500000 0.505801 0.432883 -1
0 -22.000000 5.000000 7.500000 0.505801 0.432883 -1
0 -22.000000 3.585787 6.500000 0.505801 0.455816 -1
0 -23.000000 4.000000 7.500000 0.505801 0.449100 -1
0 -22.000000 1.914214 6.500000 0.505801 0.482922 -1
0 -23.000000 1.500001 7.500000 0.505801 0.489639 -1
0 -8.914213 -7.000000 6.500000 0.505801 0.627478 -1
0 -8.500000 -6.000000 7.500000 0.505801 0.611262 -1
0 0.000000 -20.085787 6.500002 0.505801 0.839679 -1
0 0.000000 -21.500000 7.500002 0.505801 0.862612 -1
0 8.914213 -7.000000 6.500000 0.505801 0.627478 -1
0 8.500000 -6.000000 7.500000 0.505801 0.611262 -1
0 0.000000 -12.914212 6.500002 0.505801 0.723383 -1
0 5.914214 -7.000000 6.500000 0.505801 0.627478 -1
0 5.500000 -6.000000 7.500000 0.505801 0.611262 -1
0 0.000000 -11.499999 7.500002 0.505801 0.700450 -1
0 -5.914214 -7.000000 6.500000 0.505801 0.627478 -1
0 -5.500000 -6.000000 7.500000 0.505801 0.611262 -1
0 1.000000 21.000000 7.499998 0.530090 0.123182 -1
0 1.173177 27.210979 3.999997 0.530090 0.011272 -1
0 -1.173177 27.210979 3.999997 0.530090 0.011272 -1
0 -1.000000 21.000000 7.499998 0.530090 0.123182 -1
0 -7.210979 21.173178 3.999997 0.530090 0.120062 -1
0 -4.000000 18.000000 7.499999 0.530090 0.177236 -1
0 -7.210979 -2.404864 4.000001 0.530090 0.544892 -1
0 -4.000000 -4.500000 7.500000 0.530090 0.582642 -1
0 0.000000 2.000000 7.500000 0.530090 0.465524 -1
0 0.000000 5.500000 7.500000 0.530090 0.402462 -1
0 -4.000000 9.500001 7.500000 0.530090 0.330390 -1
0 -4.000000 6.000000 7.500000 0.530090 0.393452 -1
0 4.000000 9.500001 7.499999 0.530090 0.330390 -1
0 4.000000 18.000000 7.499998 0.530090 0.177236 -1
0 7.210979 21.173178 3.999997 0.530090 0.120062 -1
0 4.000000 6.000000 7.500000 0.530090 0.393452 -1
0 4.000000 -4.500000 7.500000 0.530090 0.582642 -1
0 19.500000 5.000000 7.500000 0.530090 0.411470 -1
0 18.826822 9.210979 3.999999 0.530090 0.335596 -1
0 7.210979 -2.404864 4.000000 0.530090 0.544892 -1
0 8.500000 -6.000000 7.500000 0.530090 0.609668 -1
0 5.500000 -6.000000 7.500000 0.530090 0.609668 -1
0 0.000000 -11.499999 7.500002 0.530090 0.708768 -1
0 -5.500000 -6.000000 7.500000 0.530090 0.609668 -1
0 0.000000 -8.499999 7.500000 0.530090 0.654714 -1
0 -8.500000 -6.000000 7.500000 0.530090 0.609668 -1
0 -18.826822 9.210979 3.999999 0.530090 0.335596 -1
0 -19.500000 5.000000 7.500000 0.530090 0.411470 -1
0 -23.173178 9.210979 3.999999 0.530090 0.335596 -1
0 -22.000000 5.000000 7.500000 0.530090 0.411470 -1
0 -27.210979 5.173177 4.000000 0.530090 0.408350 -1
0 -23.000000 4.000000 7.500000 0.530090 0.429488 -1
0 -23.000000 1.500001 7.500000 0.530090 0.474534 -1
0 -27.210979 0.826823 4.000001 0.530090 0.486662 -1
0 0.000000 -26.384157 4.000004 0.530090 0.976950 -1
0 0.000000 -21.500000 7.500002 0.530090 0.888948 -1
0 27.210979 0.826823 4.000001 0.530090 0.486662 -1
0 23.000000 1.500001 7.500000 0.530090 0.474534 -1
0 27.210979 5.173177 4.000000 0.530090 0.408350 -1
0 23.000000 4.000000 7.500000 0.530090 0.429488 -1
0 23.173178 9.210979 3.999999 0.530090 0.335596 -1
0 22.000000 5.000000 7.500000 0.530090 0.411470 -1
0 1.173177 27.210979 3.999997 0.556906 0.014216 -1
0 -1.500000 28.000000 2.999996 0.556906 0.000000 -1
0 -1.173177 27.210979 3.999997 0.556906 0.014216 -1
0 8.000000 21.500000 2.999997 0.556906 0.117118 -1
0 1.500000 28.000000 2.999996 0.556906 0.000000 -1
0 -18.826822 9.210979 3.999999 0.556906 0.338540 -1
0 -23.500000 10.000000 2.999999 0.556906 0.324324 -1
0 -23.173178 9.210979 3.999999 0.556906 0.338540 -1
0 -27.210979 5.173177 4.000000 0.556906 0.411294 -1
0 27.210979 0.826823 4.000001 0.556906 0.489606 -1
0 28.000000 0.500000 3.000000 0.556906 0.495496 -1
0 27.210979 5.173177 4.000000 0.556906 0.411294 -1
0 23.173178 9.210979 3.999999 0.556906 0.338540 -1
0 23.500000 10.000000 2.999999 0.556906 0.324324 -1
0 7.210979 21.173178 3.999997 0.556906 0.123006 -1
0 8.000000 -0.500000 3.000000 0.556906 0.513514 -1
0 0.000000 -26.384157 4.000004 0.556906 0.979894 -1
0 -28.000000 0.500000 3.000000 0.556906 0.495496 -1
0 0.000000 -27.500000 3.000004 0.556906 1.000000 -1
0 -7.210979 21.173178 3.999997 0.556906 0.123006 -1
0 -8.000000 -0.500000 3.000000 0.556906 0.513514 -1
0 -7.210979 -2.404864 4.000001 0.556906 0.547836 -1
0 -8.000000 21.500000 2.999997 0.556906 0.117118 -1
0 -27.210979 0.826823 4.000001 0.556906 0.489606 -1
0 18.826822 9.210979 3.999999 0.556906 0.338540 -1
0 -18.500000 10.000000 2.999999 0.556906 0.324324 -1
0 7.210979 -2.404864 4.000000 0.556906 0.547836 -1
0 28.000000 5.500000 3.000000 0.556906 0.405406 -1
0 -28.000000 5.500000 3.000000 0.556906 0.405406 -1
0 18.500000 10.000000 2.999999 0.556906 0.324324 -1
69
0.167600 -0.404600 0.899000
-0.167600 -0.404500 0.899000
-0.180100 -0.385400 0.905000
0.195600 -0.438400 0.877200
0.404500 -0.167600 0.899000
0.369900 -0.137300 0.918900
-0.404500 -0.167500 0.899100
-0.369800 -0.137500 0.918900
-0.404500 0.167600 0.899100
0.743500 0.014200 0.668600
0.404500 0.167500 0.899100
-0.743600 0.014500 0.668500
-0.000000 0.424700 0.905300
-0.000000 0.477800 0.878500
-0.000000 0.424700 0.905400
0.501000 0.211400 0.839200
-0.115200 -0.278100 0.953600
-0.019500 -0.147300 0.988900
-0.000100 -0.155700 0.987800
-0.000000 -0.066800 0.997800
0.115200 -0.278100 0.953600
0.019500 -0.147200 0.988900
-0.501000 0.211400 0.839200
-0.167600 -0.404500 0.899100
-0.370200 -0.158800 0.915300
-0.180100 -0.426200 0.886500
0.167500 -0.404500 0.899100
-0.335300 0.684400 0.647400
-0.404400 0.167500 0.899100
0.684400 -0.335400 0.647300
-0.160200 -0.363600 0.917700
0.158800 -0.370200 0.915300
0.404500 -0.167600 0.899100
0.426200 -0.180100 0.886500
0.404400 0.167500 0.899100
-0.684400 -0.335400 0.647300
-0.107400 -0.259300 0.959800
0.206900 0.509800 0.835100
-0.000000 0.424600 0.905400
0.000100 0.348800 0.937200
0.107400 -0.259300 0.959800
-0.195800 0.481700 0.854200
-0.000000 -0.155700 0.987800
0.031300 -0.409100 0.911900
-0.031300 -0.409100 0.911900
0.179500 0.504700 0.844400
-0.176100 0.498300 0.848900
-0.578600 0.277200 0.767000
-0.173500 0.405300 0.897600
0.578600 0.277200 0.767000
-0.295000 0.708400 0.641300
0.174100 0.405500 0.897300
0.231300 0.611200 0.756900
-0.233600 0.591600 0.771600
-0.593800 0.234700 0.769700
-0.609900 -0.230500 0.758200
-0.000000 -0.595600 0.803300
0.609900 -0.230500 0.758200
0.595300 0.235500 0.768200
0.232900 0.590300 0.772900
-0.291000 0.702500 0.649400
0.702500 0.291000 0.649400
0.291000 0.702500 0.649400
0.702500 -0.291000 0.649400
0.167000 0.403200 0.899800
-0.702500 -0.291000 0.649400
-0.000000 -0.667400 0.744700
-0.167000 0.403200 0.899800
-0.702500 0.291000 0.649400
130
0 0 1 2 0 1 2 1
0 0 2 3 0 2 3 1
0 4 0 3 4 0 3 1
0 4 3 5 4 3 5 1
0 1 6 7 1 6 7 1
0 1 7 2 1 7 2 1
0 6 8 9 6 8 9 1
0 6 9 7 6 9 7 1
0 10 4 5 10 4 5 1
0 10 5 11 10 5 11 1
0 12 10 11 12 10 11 1
0 12 11 13 12 11 13 1
0 8 12 13 8 12 13 1
0 8 13 9 8 13 9 1
0 14 15 16 8 14 13 1
0 14 16 17 8 13 15 1
0 18 14 17 16 8 15 1
0 18 17 19 16 15 17 1
0 20 18 19 18 16 17 1
0 20 19 21 18 17 19 1
0 22 20 21 20 18 19 1
0 22 21 23 20 19 21 1
0 24 22 23 10 20 21 1
0 24 23 25 10 21 22 1
0 15 24 25 14 10 22 1
0 15 25 16 14 22 13 1
0 26 27 28 23 6 24 1
0 26 28 29 23 24 25 1
0 30 26 29 26 23 25 1
0 30 29 31 26 25 27 1
0 27 32 33 6 28 29 1
0 27 33 28 6 29 24 1
0 34 35 36 26 23 30 1
0 34 36 37 26 30 31 1
0 38 34 37 32 26 31 1
0 38 37 39 32 31 33 1
0 40 38 39 34 32 33 1
0 40 39 41 34 33 35 1
0 35 42 43 23 36 37 1
0 35 43 36 23 37 30 1
0 44 40 41 38 34 35 1
0 44 41 45 38 35 39 1
0 46 30 31 40 26 27 1
0 46 31 47 40 27 41 1
0 32 44 45 28 38 39 1
0 32 45 33 28 39 29 1
0 48 49 50 42 26 43 1
0 48 50 51 42 43 19 1
0 49 46 47 26 40 41 1
0 49 47 50 26 41 43 1
0 52 48 51 23 42 19 1
0 52 51 53 23 19 44 1
0 42 52 53 36 23 44 1
0 42 53 43 36 44 37 1
0 54 55 56 2 45 46 1
0 56 57 54 46 3 2 1
0 58 59 56 47 5 46 1
0 60 61 58 48 22 47 1
0 62 63 64 19 13 11 1
0 64 65 62 11 21 19 1
0 63 62 66 13 19 9 1
0 67 68 55 7 49 45 1
0 67 55 54 7 45 2 1
0 68 67 66 49 7 9 1
0 68 66 69 49 9 17 1
0 68 69 70 49 17 15 1
0 71 72 73 27 50 51 1
0 74 71 73 41 27 51 1
0 75 74 73 43 41 51 1
0 70 75 73 15 43 51 1
0 75 70 76 43 15 19 1
0 61 77 76 22 44 19 1
0 61 76 78 22 19 13 1
0 60 77 61 48 44 22 1
0 60 79 77 48 37 44 1
0 80 81 79 52 30 37 1
0 79 60 80 37 48 52 1
0 80 82 81 52 53 30 1
0 82 83 81 53 31 30 1
0 84 85 83 54 33 31 1
0 83 82 84 31 53 54 1
0 84 86 85 54 35 33 1
0 84 87 86 54 55 35 1
0 88 89 86 56 39 35 1
0 86 87 88 35 55 56 1
0 88 90 91 56 57 29 1
0 88 91 89 56 29 39 1
0 90 92 91 57 58 29 1
0 92 93 91 58 24 29 1
0 94 95 93 59 25 24 1
0 94 93 92 59 24 58 1
0 71 95 94 27 25 59 1
0 71 94 72 27 59 50 1
0 70 78 76 15 13 19 1
0 68 70 73 49 15 51 1
0 59 57 56 5 3 46 1
0 58 61 65 47 22 21 1
0 58 65 64 47 21 11 1
0 58 64 59 47 11 5 1
0 96 97 98 45 60 46 1
0 96 99 100 45 61 62 1
0 101 102 103 52 60 53 1
0 103 102 104 53 60 54 1
0 105 106 107 57 63 58 1
0 108 107 109 59 58 62 1
0 110 111 99 49 64 61 1
0 112 113 114 56 65 66 1
0 115 116 117 47 67 48 1
0 115 98 118 47 46 68 1
0 104 113 119 54 65 55 1
0 112 106 105 56 63 57 1
0 108 109 120 59 62 50 1
0 101 116 121 52 67 62 1
0 120 111 122 50 64 51 1
0 62 69 66 19 17 9 1
0 96 100 97 45 62 60 1
0 96 110 99 45 49 61 1
0 101 121 102 52 62 60 1
0 106 123 107 63 61 58 1
0 102 124 104 60 68 54 1
0 110 122 111 49 51 64 1
0 112 119 113 56 55 65 1
0 115 118 116 47 68 67 1
0 109 125 120 62 60 50 1
0 104 124 113 54 68 65 1
0 112 114 106 56 66 63 1
0 107 123 109 58 61 62 1
0 101 117 116 52 48 67 1
0 120 125 111 50 60 64 1
0 98 97 118 46 60 68 1
"inner" 0 1
27
0 0.000000 -8.499999 7.500000 0.505801 0.651801 -1
0 4.000000 -4.500000 7.500000 0.505801 0.586936 -1
0 4.000000 6.000000 7.500000 0.505801 0.416667 -1
0 1.000000 21.000000 7.499998 0.505801 0.173424 -1
0 -1.000000 21.000000 7.499998 0.505801 0.173424 -1
0 -4.000000 18.000000 7.499999 0.505801 0.222073 -1
0 4.000000 18.000000 7.499998 0.505801 0.222073 -1
0 -4.000000 9.500001 7.500000 0.505801 0.359910 -1
0 4.000000 9.500001 7.499999 0.505801 0.359910 -1
0 0.000000 5.500000 7.500000 0.505801 0.424774 -1
0 0.000000 2.000000 7.500000 0.505801 0.481532 -1
0 -4.000000 6.000000 7.500000 0.505801 0.416667 -1
0 -4.000000 -4.500000 7.500000 0.505801 0.586936 -1
0 0.000000 -21.500000 7.500002 0.505801 0.862612 -1
0 8.500000 -6.000000 7.500000 0.505801 0.611262 -1
0 0.000000 -11.499999 7.500002 0.505801 0.700450 -1
0 -8.500000 -6.000000 7.500000 0.505801 0.611262 -1
0 23.000000 4.000000 7.500000 0.505801 0.449100 -1
0 22.000000 5.000000 7.500000 0.505801 0.432883 -1
0 19.500000 5.000000 7.500000 0.505801 0.432883 -1
0 23.000000 1.500001 7.500000 0.505801 0.489639 -1
0 -19.500000 5.000000 7.500000 0.505801 0.432883 -1
0 -22.000000 5.000000 7.500000 0.505801 0.432883 -1
0 -23.000000 4.000000 7.500000 0.505801 0.449100 -1
0 -23.000000 1.500001 7.500000 0.505801 0.489639 -1
0 5.500000 -6.000000 7.500000 0.505801 0.611262 -1
0 -5.500000 -6.000000 7.500000 0.505801 0.611262 -1
1
-0.000000 -0.000000 1.000000
21
0 0 1 2 0 0 0 1
0 3 4 5 0 0 0 1
0 5 6 3 0 0 0 1
0 7 8 6 0 0 0 1
0 7 6 5 0 0 0 1
0 7 9 8 0 0 0 1
0 10 0 2 0 0 0 1
0 0 10 11 0 0 0 1
0 11 12 0 0 0 0 1
0 13 14 15 0 0 0 1
0 13 15 16 0 0 0 1
0 17 18 19 0 0 0 1
0 19 20 17 0 0 0 1
0 21 22 23 0 0 0 1
0 21 23 24 0 0 0 1
0 13 16 21 0 0 0 1
0 21 24 13 0 0 0 1
0 19 14 13 0 0 0 1
0 13 20 19 0 0 0 1
0 15 14 25 0 0 0 1
0 15 26 16 0 0 0 1

Materials: 2
"frame"
0.000000 0.000000 0.000000 1.000000
1.000000 1.000000 1.000000 1.000000
1.000000 1.000000 1.000000 1.000000
0.000000 0.000000 0.000000 1.000000
0.000000
1.000000
"textures/Frame 4th ani texture.ini"
""
"parts"
0.000000 0.000000 0.000000 1.000000
1.000000 1.000000 1.000000 1.000000
1.000000 1.000000 1.000000 1.000000
0.000000 0.000000 0.000000 1.000000
0.000000
1.000000
"textures/Tap Note 4th ani texture.ini"
""
