// MilkShape 3D ASCII

Frames: 30
Frame: 1

Meshes: 4
"glow" 0 0
54
0 30.000000 2.000004 0.000000 0.009527 0.102167 -1
0 33.431705 2.400004 0.000000 0.990000 0.102167 -1
0 23.831707 12.000003 0.000000 0.990000 0.041178 -1
0 22.000000 10.000003 0.000000 0.010546 0.041178 -1
0 30.000000 2.000004 0.000000 0.010000 0.013846 -1
0 30.000000 -1.999996 0.000000 0.009527 0.041178 -1
0 33.431705 -2.399996 0.000000 0.990000 0.041178 -1
0 33.431705 2.400004 0.000000 0.990000 0.013846 -1
0 30.000000 -1.999996 0.000000 0.010546 0.041178 -1
0 22.000000 -9.999997 0.000000 0.009527 0.102167 -1
0 23.831707 -11.999997 0.000000 0.990000 0.102167 -1
0 4.000001 -10.000000 0.000000 0.009527 0.192232 -1
0 8.880067 -12.000000 0.000000 0.990000 0.193324 -1
0 22.000000 -9.999997 0.000000 0.010546 0.102167 -1
0 4.000001 -10.000000 0.000000 0.010546 0.194088 -1
0 12.000003 -18.000000 0.000000 0.009527 0.237836 -1
0 14.959248 -17.111015 0.000000 0.990000 0.237836 -1
0 8.880067 -12.000000 0.000000 0.990000 0.194088 -1
0 12.000003 -18.000000 0.000000 0.010546 0.237836 -1
0 12.000003 -24.000000 0.000000 0.009527 0.272833 -1
0 14.959248 -25.233170 0.000000 0.990000 0.272833 -1
0 12.000003 -24.000000 0.000000 0.010546 0.272833 -1
0 6.000004 -30.000000 0.000000 0.009527 0.347887 -1
0 7.743284 -31.870678 0.000000 0.990000 0.347887 -1
0 0.000004 -30.000000 0.000000 0.009527 0.417473 -1
0 -1.125319 -31.870678 0.000000 0.990000 0.417473 -1
0 6.000004 -30.000000 0.000000 0.010546 0.347887 -1
0 0.000004 -30.000000 0.000000 0.010546 0.417473 -1
0 -30.000000 -0.000004 0.000000 0.009527 0.530452 -1
0 -33.661598 -0.000004 0.000000 0.990000 0.530452 -1
0 -0.000004 30.000000 0.000000 0.009527 0.529359 -1
0 -1.125327 31.870678 0.000000 0.990000 0.530452 -1
0 -33.661598 -0.000004 0.000000 0.990000 0.417473 -1
0 -30.000000 -0.000004 0.000000 0.010546 0.417473 -1
0 -0.000004 30.000000 0.000000 0.010546 0.347887 -1
0 5.999996 30.000000 0.000000 0.009527 0.417473 -1
0 7.743276 31.870678 0.000000 0.990000 0.417473 -1
0 -1.125327 31.870678 0.000000 0.990000 0.347887 -1
0 11.999997 24.000000 0.000000 0.010546 0.237836 -1
0 11.999997 18.000000 0.000000 0.009527 0.272833 -1
0 14.959242 17.111015 0.000000 0.990000 0.272833 -1
0 14.959242 25.233170 0.000000 0.990000 0.237836 -1
0 5.999996 30.000000 0.000000 0.010546 0.272833 -1
0 11.999997 24.000000 0.000000 0.009527 0.347887 -1
0 14.959242 25.233170 0.000000 0.990000 0.347887 -1
0 7.743276 31.870678 0.000000 0.990000 0.272833 -1
0 3.999999 10.000000 0.000000 0.009527 0.237836 -1
0 8.880061 12.000000 0.000000 0.990000 0.237836 -1
0 14.959242 17.111015 0.000000 0.990000 0.194088 -1
0 11.999997 18.000000 0.000000 0.010546 0.194088 -1
0 3.999999 10.000000 0.000000 0.010546 0.102167 -1
0 22.000000 10.000003 0.000000 0.009527 0.194088 -1
0 23.831707 12.000003 0.000000 0.990000 0.194088 -1
0 8.880061 12.000000 0.000000 0.990000 0.102167 -1
1
0.000000 0.000000 1.000000
30
0 0 1 2 0 0 0 1
0 0 2 3 0 0 0 1
0 4 5 6 0 0 0 1
0 4 6 7 0 0 0 1
0 8 9 10 0 0 0 1
0 8 10 6 0 0 0 1
0 11 12 10 0 0 0 1
0 11 10 13 0 0 0 1
0 14 15 16 0 0 0 1
0 14 16 17 0 0 0 1
0 18 19 20 0 0 0 1
0 18 20 16 0 0 0 1
0 21 22 23 0 0 0 1
0 21 23 20 0 0 0 1
0 24 25 23 0 0 0 1
0 24 23 26 0 0 0 1
0 27 28 29 0 0 0 1
0 27 29 25 0 0 0 1
0 30 31 32 0 0 0 1
0 30 32 33 0 0 0 1
0 34 35 36 0 0 0 1
0 34 36 37 0 0 0 1
0 38 39 40 0 0 0 1
0 38 40 41 0 0 0 1
0 42 43 44 0 0 0 1
0 42 44 45 0 0 0 1
0 46 47 48 0 0 0 1
0 46 48 49 0 0 0 1
0 50 51 52 0 0 0 1
0 50 52 53 0 0 0 1
"inner" 0 0
27
0 -8.499999 -0.000001 6.000000 0.681649 0.800625 -1
0 -4.500000 -4.000000 6.000000 0.592683 0.800625 -1
0 6.000000 -3.999999 6.000000 0.359147 0.800625 -1
0 21.000000 -0.999997 5.999999 0.025524 0.800625 -1
0 21.000000 1.000003 5.999999 0.025524 0.800625 -1
0 18.000000 4.000003 6.000000 0.092249 0.800625 -1
0 18.000000 -3.999998 5.999999 0.092249 0.800625 -1
0 9.500001 4.000001 6.000001 0.281302 0.800625 -1
0 9.500001 -3.999999 6.000000 0.281302 0.800625 -1
0 5.500000 0.000001 6.000000 0.370268 0.800625 -1
0 2.000000 0.000000 6.000000 0.448113 0.800625 -1
0 6.000000 4.000001 6.000000 0.359147 0.800625 -1
0 -4.500000 3.999999 6.000000 0.592683 0.800625 -1
0 -21.500000 -0.000003 6.000002 0.970789 0.800625 -1
0 -5.999999 -8.500000 6.000000 0.626045 0.800625 -1
0 -11.499999 -0.000002 6.000001 0.748374 0.800625 -1
0 -6.000001 8.500000 6.000000 0.626045 0.800625 -1
0 4.000003 -23.000000 5.999999 0.403630 0.800625 -1
0 5.000003 -22.000000 5.999999 0.381388 0.800625 -1
0 5.000003 -19.500000 5.999999 0.381388 0.800625 -1
0 1.500004 -23.000000 6.000000 0.459234 0.800625 -1
0 4.999997 19.500000 5.999999 0.381388 0.800625 -1
0 4.999997 22.000000 5.999999 0.381388 0.800625 -1
0 3.999997 23.000000 5.999999 0.403630 0.800625 -1
0 1.499998 23.000000 6.000000 0.459234 0.800625 -1
0 -5.999999 -5.500001 6.000000 0.626045 0.800625 -1
0 -6.000001 5.499999 6.000000 0.626045 0.800625 -1
1
-0.000000 -0.000000 1.000000
21
0 0 1 2 0 0 0 1
0 3 4 5 1 2 3 1
0 5 6 3 3 4 1 1
0 7 8 6 5 6 4 1
0 7 6 5 5 4 3 1
0 7 9 8 5 7 6 1
0 10 0 2 0 0 0 1
0 0 10 11 0 0 0 1
0 11 12 0 0 0 0 1
0 13 14 15 8 9 10 1
0 13 15 16 8 10 11 1
0 17 18 19 12 0 13 1
0 19 20 17 13 14 12 1
0 21 22 23 15 0 16 1
0 21 23 24 15 16 17 1
0 13 16 21 8 11 15 1
0 21 24 13 15 17 8 1
0 19 14 13 13 9 8 1
0 13 20 19 8 14 13 1
0 15 14 25 10 9 18 1
0 15 26 16 10 19 11 1
"outer" 0 0
172
0 10.000003 -18.500000 2.500000 0.344232 0.593354 -1
0 4.000001 -10.000000 0.000000 0.440287 0.593354 -1
0 -0.499999 -8.000000 2.500000 0.512328 0.593354 -1
0 -0.500001 8.000000 2.500000 0.512329 0.593354 -1
0 22.000000 10.000003 -0.000004 0.152123 0.593354 -1
0 3.999999 10.000000 0.000000 0.440287 0.593354 -1
0 28.000000 -1.499996 2.499996 0.056068 0.593354 -1
0 30.000000 -1.999996 -0.000004 0.024050 0.593354 -1
0 30.000000 2.000004 -0.000004 0.024050 0.593354 -1
0 28.000000 1.500004 2.499996 0.056068 0.593354 -1
0 21.500000 -7.999997 2.499998 0.160127 0.593354 -1
0 22.000000 -9.999997 -0.000004 0.152123 0.593354 -1
0 12.000003 -18.000000 -0.000002 0.312214 0.593354 -1
0 10.000003 -23.500000 2.500000 0.344232 0.593354 -1
0 12.000003 -24.000000 -0.000002 0.312214 0.593354 -1
0 9.999997 18.500000 2.500000 0.344232 0.593354 -1
0 11.999997 18.000000 -0.000002 0.312214 0.593354 -1
0 21.500000 8.000003 2.499998 0.160127 0.593354 -1
0 5.500004 -27.500000 2.500000 0.416274 0.593354 -1
0 6.000004 -30.000000 0.000000 0.408269 0.593354 -1
0 0.000004 -30.000000 0.000000 0.504324 0.593354 -1
0 -0.484314 -27.500000 2.500000 0.512077 0.593354 -1
0 -28.484318 -0.000004 2.500004 0.960333 0.593354 -1
0 -30.000000 -0.000004 0.000004 0.984598 0.593354 -1
0 -0.484322 27.500000 2.500000 0.512077 0.593354 -1
0 -0.000004 30.000000 0.000000 0.504324 0.593354 -1
0 5.499996 27.500000 2.500000 0.416274 0.593354 -1
0 5.999996 30.000000 0.000000 0.408269 0.593354 -1
0 9.999997 23.500000 2.500000 0.344232 0.593354 -1
0 11.999997 24.000000 -0.000002 0.312214 0.593354 -1
0 21.000000 -0.999997 6.999998 0.138926 0.699376 -1
0 27.210979 -1.173173 3.499997 0.027703 0.699376 -1
0 27.210979 1.173181 3.499997 0.027703 0.699376 -1
0 21.000000 1.000003 6.999998 0.138926 0.699376 -1
0 21.173178 7.210982 3.499997 0.135824 0.699376 -1
0 18.000000 4.000003 6.999999 0.192648 0.699376 -1
0 -2.404865 7.210979 3.500001 0.558046 0.699376 -1
0 -4.500000 3.999999 7.000000 0.595564 0.699376 -1
0 2.000000 0.000000 7.000000 0.479166 0.699376 -1
0 5.500000 0.000001 7.000000 0.416490 0.699376 -1
0 9.500001 4.000001 7.000000 0.344861 0.699376 -1
0 6.000000 4.000001 7.000000 0.407536 0.699376 -1
0 9.500001 -3.999999 6.999999 0.344861 0.699376 -1
0 18.000000 -3.999998 6.999998 0.192648 0.699376 -1
0 21.173178 -7.210976 3.499997 0.135824 0.699376 -1
0 6.000000 -3.999999 7.000000 0.407536 0.699376 -1
0 -4.500000 -4.000000 7.000000 0.595564 0.699376 -1
0 5.000003 -19.500000 7.000000 0.425444 0.699376 -1
0 9.210982 -18.826822 3.499999 0.350036 0.699376 -1
0 -2.404863 -7.210979 3.500000 0.558046 0.699376 -1
0 -5.999999 -8.500000 7.000000 0.622425 0.699376 -1
0 -5.999999 -5.500001 7.000000 0.622425 0.699376 -1
0 -11.499999 -0.000002 7.000002 0.720916 0.699376 -1
0 -6.000001 5.499999 7.000000 0.622425 0.699376 -1
0 -8.499999 -0.000001 7.000000 0.667194 0.699376 -1
0 -6.000001 8.500000 7.000000 0.622425 0.699376 -1
0 9.210977 18.826822 3.499999 0.350036 0.699376 -1
0 4.999997 19.500000 7.000000 0.425444 0.699376 -1
0 9.210977 23.173178 3.499999 0.350036 0.699376 -1
0 4.999997 22.000000 7.000000 0.425444 0.699376 -1
0 5.173174 27.210979 3.500000 0.422343 0.699376 -1
0 3.999997 23.000000 7.000000 0.443351 0.699376 -1
0 1.499998 23.000000 7.000000 0.488120 0.699376 -1
0 0.826819 27.210979 3.500001 0.500175 0.699376 -1
0 -26.384157 -0.000003 3.500004 0.987452 0.699376 -1
0 -21.500000 -0.000003 7.000002 0.899990 0.699376 -1
0 0.826827 -27.210979 3.500001 0.500175 0.699376 -1
0 1.500004 -23.000000 7.000000 0.488120 0.699376 -1
0 5.173180 -27.210979 3.500000 0.422343 0.699376 -1
0 4.000003 -23.000000 7.000000 0.443351 0.699376 -1
0 9.210982 -23.173178 3.499999 0.350036 0.699376 -1
0 5.000003 -22.000000 7.000000 0.425444 0.699376 -1
0 27.210979 -1.173173 3.499997 0.053518 0.594136 -1
0 28.000000 1.500004 2.499996 0.040468 0.594136 -1
0 27.210979 1.173181 3.499997 0.053518 0.594136 -1
0 21.500000 -7.999997 2.499997 0.147974 0.594136 -1
0 28.000000 -1.499996 2.499996 0.040468 0.594136 -1
0 9.210977 18.826822 3.499999 0.351228 0.594136 -1
0 9.999997 23.500000 2.499999 0.338178 0.594136 -1
0 9.210977 23.173178 3.499999 0.351228 0.594136 -1
0 5.173174 27.210979 3.500000 0.418011 0.594136 -1
0 0.826827 -27.210979 3.500001 0.489897 0.594136 -1
0 -0.484314 -27.500000 2.500000 0.511583 0.594136 -1
0 5.173180 -27.210979 3.500000 0.418011 0.594136 -1
0 9.210982 -23.173178 3.499999 0.351228 0.594136 -1
0 10.000003 -23.500000 2.499999 0.338178 0.594136 -1
0 21.173178 -7.210976 3.499997 0.153380 0.594136 -1
0 -0.499999 -8.000000 2.500000 0.511842 0.594136 -1
0 -26.384157 -0.000003 3.500004 0.510280 0.894547 -1
0 -0.484322 27.500000 2.500000 0.510280 0.894547 -1
0 -28.484318 -0.000004 2.500004 0.510280 0.894547 -1
0 21.173178 7.210982 3.499997 0.153380 0.594136 -1
0 -0.500001 8.000000 2.500000 0.511842 0.594136 -1
0 -2.404865 7.210979 3.500001 0.543348 0.594136 -1
0 21.500000 8.000003 2.499997 0.147974 0.594136 -1
0 -0.484322 27.500000 2.500000 0.511583 0.594136 -1
0 0.826819 27.210979 3.500001 0.489897 0.594136 -1
0 -0.484314 -27.500000 2.500000 0.510280 0.894547 -1
0 0.826827 -27.210979 3.500001 0.510280 0.894547 -1
0 9.210982 -18.826822 3.499999 0.351228 0.594136 -1
0 9.999997 18.500000 2.499999 0.338178 0.594136 -1
0 -2.404863 -7.210979 3.500000 0.543348 0.594136 -1
0 5.500004 -27.500000 2.500000 0.412605 0.594136 -1
0 5.499996 27.500000 2.500000 0.412605 0.594136 -1
0 0.826819 27.210979 3.500001 0.510280 0.894547 -1
0 10.000003 -18.500000 2.499999 0.338178 0.594136 -1
0 19.207106 0.585788 5.999998 0.505117 0.893125 -1
0 19.207106 -0.585783 5.999998 0.505117 0.893125 -1
0 21.000000 -0.999997 6.999998 0.505117 0.893125 -1
0 21.000000 1.000003 6.999998 0.505117 0.893125 -1
0 16.792892 3.600002 5.999999 0.505117 0.893125 -1
0 18.000000 4.000003 6.999999 0.505117 0.893125 -1
0 16.792892 -3.599998 5.999998 0.505117 0.893125 -1
0 18.000000 -3.999998 6.999998 0.505117 0.893125 -1
0 9.414210 -3.599998 5.999999 0.505117 0.893125 -1
0 9.500001 -3.999999 6.999999 0.505117 0.893125 -1
0 9.414210 3.600001 6.000000 0.505117 0.893125 -1
0 9.500001 4.000001 7.000000 0.505117 0.893125 -1
0 5.500000 0.000001 6.000000 0.507578 0.967205 -1
0 9.414210 3.600001 6.000000 0.507578 0.967205 -1
0 9.500001 4.000001 7.000000 0.507578 0.967205 -1
0 5.500000 0.000001 7.000000 0.507578 0.967205 -1
0 9.414210 -3.599998 5.999999 0.507578 0.967205 -1
0 9.500001 -3.999999 6.999999 0.507578 0.967205 -1
0 -4.585790 -3.600001 6.000000 0.507578 0.967205 -1
0 -7.585790 -0.000001 6.000000 0.507578 0.967205 -1
0 -8.499999 -0.000001 7.000000 0.507578 0.967205 -1
0 -4.500000 -4.000000 7.000000 0.507578 0.967205 -1
0 3.000001 -3.599999 6.000000 0.505117 0.893125 -1
0 -4.585790 -3.600001 6.000000 0.505117 0.893125 -1
0 -4.500000 -4.000000 7.000000 0.505117 0.893125 -1
0 6.000000 -3.999999 7.000000 0.505117 0.893125 -1
0 0.000000 0.000000 6.000000 0.505117 0.893125 -1
0 2.000000 0.000000 7.000000 0.505117 0.893125 -1
0 2.999999 3.600001 6.000000 0.505117 0.893125 -1
0 6.000000 4.000001 7.000000 0.505117 0.893125 -1
0 -4.585790 3.599999 6.000000 0.505117 0.893125 -1
0 -4.500000 3.999999 7.000000 0.505117 0.893125 -1
0 -4.585790 3.599999 6.000000 0.507578 0.967205 -1
0 -4.500000 3.999999 7.000000 0.507578 0.967205 -1
0 3.500000 -21.585787 6.000000 0.507578 0.893125 -1
0 2.500003 -22.652683 6.000000 0.507578 0.893125 -1
0 4.000003 -23.000000 7.000000 0.507578 0.893125 -1
0 5.000003 -22.000000 7.000000 0.507578 0.893125 -1
0 3.500000 -19.914213 6.000000 0.507578 0.893125 -1
0 5.000003 -19.500000 7.000000 0.507578 0.893125 -1
0 1.414217 -22.652683 6.000000 0.507578 0.893125 -1
0 1.500004 -23.000000 7.000000 0.507578 0.893125 -1
0 3.499994 21.585787 6.000000 0.507578 0.893125 -1
0 3.499994 19.914213 6.000000 0.507578 0.893125 -1
0 4.999997 19.500000 7.000000 0.507578 0.893125 -1
0 4.999997 22.000000 7.000000 0.507578 0.893125 -1
0 2.499997 22.652683 6.000000 0.507578 0.893125 -1
0 3.999997 23.000000 7.000000 0.507578 0.893125 -1
0 1.414211 22.652683 6.000000 0.507578 0.893125 -1
0 1.499998 23.000000 7.000000 0.507578 0.893125 -1
0 -7.500004 8.914213 6.000000 0.507578 0.893125 -1
0 -6.000001 8.500000 7.000000 0.507578 0.893125 -1
0 -20.585787 -0.000003 6.000002 0.507578 0.967205 -1
0 1.414211 22.652683 6.000000 0.507578 0.967205 -1
0 1.499998 23.000000 7.000000 0.507578 0.967205 -1
0 -21.500000 -0.000003 7.000002 0.507578 0.967205 -1
0 -7.500001 -8.914213 6.000000 0.507578 0.893125 -1
0 -5.999999 -8.500000 7.000000 0.507578 0.893125 -1
0 1.414217 -22.652683 6.000000 0.507578 0.967205 -1
0 1.500004 -23.000000 7.000000 0.507578 0.967205 -1
0 -13.414215 -0.000002 6.000002 0.507578 0.893125 -1
0 -7.500001 -5.914216 6.000000 0.507578 0.893125 -1
0 -5.999999 -5.500001 7.000000 0.507578 0.893125 -1
0 -11.499999 -0.000002 7.000002 0.507578 0.893125 -1
0 -7.500004 5.914213 6.000000 0.507578 0.893125 -1
0 -6.000001 5.499999 7.000000 0.507578 0.893125 -1
113
0.674042 0.402112 0.619656
0.536095 0.173560 0.826123
0.268048 -0.457023 0.848104
0.268047 0.457023 0.848104
0.201056 0.744915 0.636143
0.536095 -0.173560 0.826123
0.744915 -0.201056 0.636143
0.674042 -0.402112 0.619656
0.713568 0.303323 0.631519
0.713568 0.303323 0.631519
0.402113 -0.674042 0.619656
0.201056 -0.744915 0.636143
0.744915 0.201056 0.636143
0.740694 -0.216774 0.635910
0.652826 -0.404073 0.640737
0.713568 -0.303323 0.631519
0.713568 -0.303323 0.631519
0.402112 0.674042 0.619656
0.284034 -0.671043 0.684855
0.281155 -0.649886 0.706117
-0.334651 -0.714202 0.614756
-0.320622 -0.700113 0.637999
-0.814761 -0.000000 0.579797
-0.855117 -0.000000 0.518434
-0.320623 0.700113 0.638000
-0.334651 0.714202 0.614756
0.171493 0.679271 0.713569
0.372432 0.638750 0.673270
0.647906 0.397196 0.649963
0.011602 -0.010109 0.999882
0.605217 -0.296292 0.738867
0.559519 0.295441 0.774373
-0.103617 -0.085337 0.990950
0.127659 0.711153 0.691350
0.104023 -0.187697 0.976703
0.472629 0.199713 0.858334
0.332785 -0.035468 0.942335
-0.175425 0.041981 0.983597
0.664839 0.230509 0.710531
0.319589 -0.205461 0.925013
-0.084724 -0.011367 0.996340
0.153509 0.238728 0.958876
-0.003904 0.025557 0.999666
0.127659 -0.711153 0.691350
-0.159686 -0.264490 0.951076
0.225020 0.113438 0.967728
0.163030 0.030463 0.986151
0.667365 0.281682 0.689405
0.496922 -0.080202 0.864081
-0.084234 0.021309 0.996218
-0.042446 -0.260948 0.964419
-0.192472 0.064157 0.979203
-0.069788 0.180122 0.981165
0.491223 0.159308 0.856341
0.067570 -0.036346 0.997052
0.646107 -0.316152 0.694690
0.053462 -0.017630 0.998414
0.645758 0.215524 0.732493
0.039127 0.026820 0.998874
0.287055 0.730240 0.619959
0.015272 -0.376527 0.926280
0.073240 0.015225 0.997198
-0.261559 0.692258 0.672581
-0.531127 -0.000000 0.847292
0.304128 0.235779 0.922992
-0.261559 -0.692258 0.672581
-0.081811 0.078720 0.993534
0.254494 -0.761831 0.595690
0.023664 0.042862 0.998801
0.621235 -0.262734 0.738267
-0.103074 -0.014613 0.994566
0.738660 0.192941 0.645875
0.385882 -0.658741 0.645875
0.702542 -0.291002 0.649425
0.728125 0.330390 0.600564
-0.238416 -0.771756 0.589535
0.728125 -0.330389 0.600564
0.403173 -0.167000 0.899757
-0.238416 0.771755 0.589535
-0.429907 -0.000000 0.902873
0.403174 0.167000 0.899757
0.385882 0.658741 0.645875
0.702541 -0.291002 0.649426
0.324087 -0.875305 0.358901
0.324087 0.875305 0.358900
0.702541 0.291002 0.649426
-0.464891 -0.108967 0.878637
-0.465914 0.266327 0.843798
-0.315139 -0.622336 0.716509
-0.181584 0.817691 0.546268
0.490792 0.845298 0.211176
0.232892 -0.909671 0.343889
0.942435 -0.317108 0.106107
0.475835 0.773002 0.419581
0.800591 -0.282976 0.528184
-0.146491 0.685140 0.713529
-0.411893 -0.120232 0.903265
-0.338819 -0.108054 0.934626
0.273519 -0.900933 0.336908
-0.481222 0.282945 0.829679
-0.158892 0.834203 0.528070
-0.521302 -0.143202 0.841271
0.465625 0.799017 0.380480
-0.523101 -0.136631 0.841247
-0.475454 0.286404 0.831815
-0.310931 -0.643359 0.699580
0.252393 -0.920569 0.298077
-0.521302 0.143202 0.841271
0.795377 -0.291775 0.531264
-0.475454 -0.286404 0.831815
-0.457613 -0.152538 0.875970
-0.521302 -0.143202 0.841271
-0.475454 0.286404 0.831815
160
0 0 1 2 0 1 2 1
0 3 4 5 3 4 5 1
0 6 7 8 6 7 8 1
0 9 6 8 9 6 8 1
0 10 11 7 10 11 7 1
0 7 6 10 7 6 10 1
0 11 10 2 11 10 2 1
0 0 12 1 0 12 1 1
0 13 14 12 13 14 12 1
0 12 0 13 12 0 13 1
0 15 5 16 15 5 16 1
0 3 17 4 3 17 4 1
0 17 9 8 17 9 8 1
0 17 8 4 17 8 4 1
0 18 19 14 18 19 14 1
0 14 13 18 14 13 18 1
0 20 19 18 20 19 18 1
0 18 21 20 18 21 20 1
0 22 23 20 22 23 20 1
0 20 21 22 20 21 22 1
0 22 24 25 22 24 25 1
0 25 23 22 25 23 22 1
0 26 27 25 26 27 25 1
0 25 24 26 25 24 26 1
0 28 29 27 28 12 27 1
0 27 26 28 27 26 28 1
0 15 16 29 15 16 12 1
0 29 28 15 12 28 15 1
0 1 11 2 1 11 2 1
0 3 5 15 3 5 15 1
0 30 31 32 29 30 31 1
0 32 33 30 31 32 29 1
0 34 35 32 33 34 31 1
0 36 37 34 35 36 33 1
0 38 39 40 37 38 39 1
0 40 41 38 39 40 37 1
0 39 38 42 38 37 41 1
0 43 44 31 42 43 30 1
0 43 31 30 42 30 29 1
0 44 43 42 43 42 41 1
0 44 42 45 43 41 44 1
0 44 45 46 43 44 45 1
0 47 48 49 46 47 48 1
0 50 47 49 49 46 48 1
0 51 50 49 50 49 48 1
0 46 51 49 45 50 48 1
0 51 46 52 50 45 51 1
0 37 53 52 36 52 51 1
0 37 52 54 36 51 53 1
0 36 53 37 35 52 36 1
0 36 55 53 35 54 52 1
0 56 57 55 55 56 54 1
0 55 36 56 54 35 55 1
0 56 58 57 55 57 56 1
0 58 59 57 57 58 56 1
0 60 61 59 59 60 58 1
0 59 58 60 58 57 59 1
0 60 62 61 59 61 60 1
0 60 63 62 59 62 61 1
0 64 65 62 63 64 61 1
0 62 63 64 61 62 63 1
0 64 66 67 63 65 66 1
0 64 67 65 63 66 64 1
0 66 68 67 65 67 66 1
0 68 69 67 67 68 66 1
0 70 71 69 69 70 68 1
0 70 69 68 69 68 67 1
0 47 71 70 46 70 69 1
0 47 70 48 46 69 47 1
0 46 54 52 45 53 51 1
0 44 46 49 43 45 48 1
0 35 33 32 34 32 31 1
0 34 37 41 33 36 40 1
0 34 41 40 33 40 39 1
0 34 40 35 33 39 34 1
0 72 73 74 30 71 31 1
0 72 75 76 30 72 73 1
0 77 78 79 55 74 57 1
0 79 78 80 57 74 59 1
0 81 82 83 65 75 67 1
0 84 83 85 69 67 76 1
0 86 87 75 43 77 72 1
0 88 89 90 63 78 79 1
0 91 92 93 33 80 35 1
0 91 74 94 33 31 81 1
0 80 95 96 59 78 62 1
0 88 97 98 63 75 65 1
0 84 85 99 69 76 47 1
0 77 92 100 55 80 82 1
0 99 87 101 47 77 48 1
0 38 45 42 37 44 41 1
0 72 76 73 30 73 71 1
0 72 86 75 30 43 72 1
0 77 100 78 55 82 74 1
0 82 102 83 75 83 67 1
0 78 103 80 74 84 59 1
0 86 101 87 43 48 77 1
0 88 104 89 63 62 78 1
0 91 94 92 33 81 80 1
0 85 105 99 76 85 47 1
0 80 103 95 59 84 78 1
0 88 90 97 63 79 75 1
0 83 102 85 67 83 76 1
0 77 93 92 55 35 80 1
0 99 105 87 47 85 77 1
0 74 73 94 31 71 81 1
0 106 107 108 86 87 29 1
0 106 108 109 86 29 32 1
0 110 106 109 88 86 32 1
0 110 109 111 88 32 34 1
0 107 112 113 87 89 42 1
0 107 113 108 87 42 29 1
0 112 114 115 89 90 41 1
0 112 115 113 89 41 42 1
0 116 110 111 91 88 34 1
0 116 111 117 91 34 39 1
0 118 119 120 92 91 39 1
0 118 120 121 92 39 38 1
0 122 118 121 90 92 38 1
0 122 121 123 90 38 41 1
0 124 125 126 93 94 53 1
0 124 126 127 93 53 45 1
0 128 129 130 95 93 45 1
0 128 130 131 95 45 44 1
0 132 128 131 96 95 44 1
0 132 131 133 96 44 37 1
0 134 132 133 97 96 37 1
0 134 133 135 97 37 40 1
0 136 134 135 98 97 40 1
0 136 135 137 98 40 36 1
0 125 138 139 94 98 36 1
0 125 139 126 94 36 53 1
0 140 141 142 99 100 68 1
0 140 142 143 99 68 70 1
0 144 140 143 101 99 70 1
0 144 143 145 101 70 46 1
0 141 146 147 100 102 66 1
0 141 147 142 100 66 68 1
0 148 149 150 103 104 56 1
0 148 150 151 103 56 58 1
0 152 148 151 105 103 58 1
0 152 151 153 105 58 60 1
0 154 152 153 106 105 60 1
0 154 153 155 106 60 61 1
0 149 156 157 104 107 54 1
0 149 157 150 104 54 56 1
0 158 159 160 108 106 61 1
0 158 160 161 108 61 64 1
0 162 144 145 109 101 46 1
0 162 145 163 109 46 49 1
0 164 158 161 102 108 64 1
0 164 161 165 102 64 66 1
0 166 167 168 110 111 50 1
0 166 168 169 110 50 51 1
0 167 162 163 111 109 49 1
0 167 163 168 111 49 50 1
0 170 166 169 112 110 51 1
0 170 169 171 112 51 52 1
0 156 170 171 107 112 52 1
0 156 171 157 107 52 54 1
"electric" 0 2
14
0 -34.104511 -34.950882 7.100001 0.000000 1.000000 -1
0 -28.000000 -34.950901 7.100000 0.089497 1.000000 -1
0 0.000000 0.000000 7.099999 0.500000 0.500000 -1
0 -34.104511 -28.000000 7.100000 0.000000 0.900562 -1
0 -34.104511 28.000000 7.100000 0.000000 0.099438 -1
0 -34.104511 0.000000 7.100000 0.000000 0.500000 -1
0 -34.104511 34.950882 7.099999 0.000000 0.000000 -1
0 -28.000000 34.950882 7.100000 0.089497 0.000000 -1
0 34.104511 -28.000000 7.099999 1.000000 0.900562 -1
0 34.104511 -34.950882 7.100000 1.000000 1.000000 -1
0 34.104511 34.950882 7.099998 1.000000 0.000000 -1
0 34.104511 28.000000 7.099999 1.000000 0.099438 -1
0 28.000000 34.950901 7.099999 0.910503 0.000000 -1
0 28.000000 -34.950901 7.100000 0.910503 1.000000 -1
9
-0.882700 0.332300 0.332300
-0.000000 -0.000000 1.000000
0.481900 0.461200 0.745000
-0.996900 -0.000000 -0.078900
-0.000000 -0.000000 -0.000000
-0.994400 -0.000000 -0.105400
-0.000000 0.707100 0.707100
-0.992900 -0.083900 -0.083900
0.930700 -0.232400 0.282300
16
0 0 1 2 0 1 2 1
0 0 2 3 0 2 3 1
0 3 4 5 3 1 4 1
0 6 2 7 1 2 1 1
0 8 9 9 5 6 4 1
0 10 11 10 7 8 4 1
0 7 2 12 1 2 1 1
0 2 11 10 2 8 7 1
0 0 3 0 0 3 4 1
0 4 2 6 1 2 1 1
0 3 2 4 3 2 1 1
0 12 2 10 1 2 7 1
0 2 13 9 2 1 6 1
0 2 9 8 2 6 5 1
0 11 2 8 8 2 5 1
0 2 1 13 2 1 1 1

Materials: 3
"white outer"
0.000000 0.000000 0.000000 1.000000
1.000000 1.000000 1.000000 1.000000
1.000000 1.000000 1.000000 1.000000
0.000000 0.000000 0.000000 1.000000
0.000000
1.000000
"_mine tex.png"
""
"red middle"
1.000000 1.000000 1.000000 1.000000
1.000000 1.000000 1.000000 1.000000
0.898039 0.898039 0.898039 1.000000
0.000000 0.000000 0.000000 1.000000
12.799999
1.000000
"_mine ani tex.ini"
""
"shock"
0.000000 0.000000 0.000000 1.000000
1.000000 1.000000 1.000000 1.000000
1.000000 1.000000 1.000000 1.000000
0.000000 0.000000 0.000000 1.000000
0.000000
1.000000
"_mine shock.ini"
""

Bones: 1
"joint1"
""
0 0 0 0 0 0 0
2
1.000000 0.000000 0.000000 0.000000
120.000000 0.000000 0.000000 0.000000
3
1.000000 0.000000 0.000000 0.000000
60.000000 0.000000 0.000000 3.1
120.000000 0.000000 0.000000 6.2

GroupComments: 0
MaterialComments: 0
BoneComments: 0
ModelComment: 0