// MilkShape 3D ASCII

Frames: 30
Frame: 1

Meshes: 4
"glow" 0 0
47
0 -2.000000 30.000000 -0.000000 0.009527 0.041178 -1
0 -2.762586 33.431705 -0.000000 0.800000 0.041178 -1
0 -13.812930 25.120693 -0.000000 0.800000 0.102167 -1
0 -10.000000 22.000000 -0.000000 0.010546 0.102167 -1
0 -2.000000 30.000000 -0.000000 0.010000 0.013846 -1
0 2.000000 30.000000 -0.000000 0.009527 0.041178 -1
0 2.762586 33.431705 -0.000000 0.800000 0.041178 -1
0 -2.762586 33.431705 -0.000000 0.800000 0.013846 -1
0 2.000000 30.000000 -0.000000 0.010546 0.041178 -1
0 10.000000 22.000000 -0.000000 0.009527 0.102167 -1
0 13.812930 25.120693 -0.000000 0.800000 0.102167 -1
0 10.000000 4.000000 -0.000000 0.009527 0.192232 -1
0 14.062569 12.922794 -0.000000 0.800000 0.193324 -1
0 10.000000 22.000000 -0.000000 0.010546 0.102167 -1
0 10.000000 4.000000 -0.000000 0.010546 0.194088 -1
0 18.000000 12.000000 -0.000000 0.009527 0.237836 -1
0 17.111015 17.898811 -0.000000 0.800000 0.237836 -1
0 14.062569 12.922794 -0.000000 0.800000 0.194088 -1
0 18.000000 12.000000 -0.000000 0.010546 0.237836 -1
0 24.000000 12.000000 -0.000000 0.009527 0.272833 -1
0 25.233170 17.898811 -0.000000 0.800000 0.272833 -1
0 24.000000 12.000000 -0.000000 0.010546 0.272833 -1
0 30.000000 6.000000 -0.000000 0.009527 0.347887 -1
0 33.252007 10.375090 -0.000000 0.800000 0.347887 -1
0 30.000000 0.000000 -0.000000 0.009527 0.417473 -1
0 33.252007 -3.757131 -0.000000 0.800000 0.417473 -1
0 30.000000 6.000000 -0.000000 0.010546 0.347887 -1
0 30.000000 0.000000 -0.000000 0.010546 0.417473 -1
0 0.000000 -30.000000 -0.000000 0.009527 0.530452 -1
0 0.000000 -36.885208 -0.000000 0.800000 0.530452 -1
0 -30.000000 0.000000 -0.000000 0.009527 0.418565 -1
0 -33.252007 -3.757131 -0.000000 0.800000 0.417473 -1
0 0.000000 -30.000000 -0.000000 0.010546 0.530452 -1
0 -30.000000 0.000000 -0.000000 0.010546 0.417473 -1
0 -30.000000 6.000000 -0.000000 0.009527 0.347887 -1
0 -33.252007 10.375090 -0.000000 0.800000 0.347887 -1
0 -24.000000 12.000000 -0.000000 0.010546 0.272833 -1
0 -18.000000 12.000000 -0.000000 0.009527 0.237836 -1
0 -17.111015 17.898811 -0.000000 0.800000 0.237836 -1
0 -25.233170 17.898811 -0.000000 0.800000 0.272833 -1
0 -30.000000 6.000000 -0.000000 0.010546 0.347887 -1
0 -24.000000 12.000000 -0.000000 0.009527 0.272833 -1
0 -10.000000 4.000000 -0.000000 0.009527 0.194088 -1
0 -14.062569 12.922794 -0.000000 0.800000 0.194088 -1
0 -18.000000 12.000000 -0.000000 0.010546 0.237836 -1
0 -10.000000 4.000000 -0.000000 0.010546 0.194088 -1
0 -10.000000 22.000000 -0.000000 0.009527 0.102167 -1
1
-0.000000 -0.000000 1.000000
30
0 0 1 2 0 0 0 1
0 0 2 3 0 0 0 1
0 4 5 6 0 0 0 1
0 4 6 7 0 0 0 1
0 8 9 10 0 0 0 1
0 8 10 6 0 0 0 1
0 11 12 10 0 0 0 1
0 11 10 13 0 0 0 1
0 14 15 16 0 0 0 1
0 14 16 17 0 0 0 1
0 18 19 20 0 0 0 1
0 18 20 16 0 0 0 1
0 21 22 23 0 0 0 1
0 21 23 20 0 0 0 1
0 24 25 23 0 0 0 1
0 24 23 26 0 0 0 1
0 27 28 29 0 0 0 1
0 27 29 25 0 0 0 1
0 30 31 29 0 0 0 1
0 30 29 32 0 0 0 1
0 33 34 35 0 0 0 1
0 33 35 31 0 0 0 1
0 36 37 38 0 0 0 1
0 36 38 39 0 0 0 1
0 40 41 39 0 0 0 1
0 40 39 35 0 0 0 1
0 42 43 38 0 0 0 1
0 42 38 44 0 0 0 1
0 45 46 2 0 0 0 1
0 45 2 43 0 0 0 1
"inner" 0 0
27
0 0.000000 -8.499999 6.000000 0.681649 0.800625 -1
0 4.000000 -4.500000 6.000000 0.592683 0.800625 -1
0 4.000000 6.000000 6.000000 0.359147 0.800625 -1
0 1.000000 21.000000 5.999999 0.025524 0.800625 -1
0 -1.000000 21.000000 5.999999 0.025524 0.800625 -1
0 -4.000000 18.000000 6.000000 0.092249 0.800625 -1
0 4.000000 18.000000 5.999999 0.092249 0.800625 -1
0 -4.000000 9.500001 6.000001 0.281302 0.800625 -1
0 4.000000 9.500001 6.000000 0.281302 0.800625 -1
0 0.000000 5.500000 6.000000 0.370268 0.800625 -1
0 0.000000 2.000000 6.000000 0.448113 0.800625 -1
0 -4.000000 6.000000 6.000000 0.359147 0.800625 -1
0 -4.000000 -4.500000 6.000000 0.592683 0.800625 -1
0 0.000000 -21.500000 6.000002 0.970789 0.800625 -1
0 8.500000 -6.000000 6.000000 0.626045 0.800625 -1
0 0.000000 -11.499999 6.000001 0.748374 0.800625 -1
0 -8.500000 -6.000000 6.000000 0.626045 0.800625 -1
0 23.000000 4.000000 5.999999 0.403630 0.800625 -1
0 22.000000 5.000000 5.999999 0.381388 0.800625 -1
0 19.500000 5.000000 5.999999 0.381388 0.800625 -1
0 23.000000 1.500001 6.000000 0.459234 0.800625 -1
0 -19.500000 5.000000 5.999999 0.381388 0.800625 -1
0 -22.000000 5.000000 5.999999 0.381388 0.800625 -1
0 -23.000000 4.000000 5.999999 0.403630 0.800625 -1
0 -23.000000 1.500001 6.000000 0.459234 0.800625 -1
0 5.500000 -6.000000 6.000000 0.626045 0.800625 -1
0 -5.500000 -6.000000 6.000000 0.626045 0.800625 -1
1
-0.000000 -0.000000 1.000000
21
0 0 1 2 0 0 0 1
0 3 4 5 0 0 0 1
0 5 6 3 0 0 0 1
0 7 8 6 0 0 0 1
0 7 6 5 0 0 0 1
0 7 9 8 0 0 0 1
0 10 0 2 0 0 0 1
0 0 10 11 0 0 0 1
0 11 12 0 0 0 0 1
0 13 14 15 0 0 0 1
0 13 15 16 0 0 0 1
0 17 18 19 0 0 0 1
0 19 20 17 0 0 0 1
0 21 22 23 0 0 0 1
0 21 23 24 0 0 0 1
0 13 16 21 0 0 0 1
0 21 24 13 0 0 0 1
0 19 14 13 0 0 0 1
0 13 20 19 0 0 0 1
0 15 14 25 0 0 0 1
0 15 26 16 0 0 0 1
"outer" 0 0
172
0 18.500000 10.000000 2.500000 0.344232 0.593354 -1
0 10.000000 4.000000 -0.000000 0.440287 0.593354 -1
0 8.000000 -0.500000 2.500000 0.512328 0.593354 -1
0 -8.000000 -0.500000 2.500000 0.512329 0.593354 -1
0 -10.000000 22.000000 -0.000004 0.152123 0.593354 -1
0 -10.000000 4.000000 -0.000000 0.440287 0.593354 -1
0 1.500000 28.000000 2.499996 0.056068 0.593354 -1
0 2.000000 30.000000 -0.000004 0.024050 0.593354 -1
0 -2.000000 30.000000 -0.000004 0.024050 0.593354 -1
0 -1.500000 28.000000 2.499996 0.056068 0.593354 -1
0 8.000000 21.500000 2.499998 0.160127 0.593354 -1
0 10.000000 22.000000 -0.000004 0.152123 0.593354 -1
0 18.000000 12.000000 -0.000002 0.312214 0.593354 -1
0 23.500000 10.000000 2.500000 0.344232 0.593354 -1
0 24.000000 12.000000 -0.000002 0.312214 0.593354 -1
0 -18.500000 10.000000 2.500000 0.344232 0.593354 -1
0 -18.000000 12.000000 -0.000002 0.312214 0.593354 -1
0 -8.000000 21.500000 2.499998 0.160127 0.593354 -1
0 27.500000 5.500000 2.500000 0.416274 0.593354 -1
0 30.000000 6.000000 -0.000000 0.408269 0.593354 -1
0 30.000000 0.000000 0.000000 0.504324 0.593354 -1
0 27.500000 -0.484318 2.500000 0.512077 0.593354 -1
0 0.000000 -28.484318 2.500004 0.960333 0.593354 -1
0 0.000000 -30.000000 0.000004 0.984598 0.593354 -1
0 -27.500000 -0.484318 2.500000 0.512077 0.593354 -1
0 -30.000000 0.000000 0.000000 0.504324 0.593354 -1
0 -27.500000 5.500000 2.500000 0.416274 0.593354 -1
0 -30.000000 6.000000 -0.000000 0.408269 0.593354 -1
0 -23.500000 10.000000 2.500000 0.344232 0.593354 -1
0 -24.000000 12.000000 -0.000002 0.312214 0.593354 -1
0 1.000000 21.000000 6.999998 0.138926 0.699376 -1
0 1.173177 27.210979 3.499997 0.027703 0.699376 -1
0 -1.173177 27.210979 3.499997 0.027703 0.699376 -1
0 -1.000000 21.000000 6.999998 0.138926 0.699376 -1
0 -7.210979 21.173178 3.499997 0.135824 0.699376 -1
0 -4.000000 18.000000 6.999999 0.192648 0.699376 -1
0 -7.210979 -2.404864 3.500001 0.558046 0.699376 -1
0 -4.000000 -4.500000 7.000000 0.595564 0.699376 -1
0 0.000000 2.000000 7.000000 0.479166 0.699376 -1
0 0.000000 5.500000 7.000000 0.416490 0.699376 -1
0 -4.000000 9.500001 7.000000 0.344861 0.699376 -1
0 -4.000000 6.000000 7.000000 0.407536 0.699376 -1
0 4.000000 9.500001 6.999999 0.344861 0.699376 -1
0 4.000000 18.000000 6.999998 0.192648 0.699376 -1
0 7.210979 21.173178 3.499997 0.135824 0.699376 -1
0 4.000000 6.000000 7.000000 0.407536 0.699376 -1
0 4.000000 -4.500000 7.000000 0.595564 0.699376 -1
0 19.500000 5.000000 7.000000 0.425444 0.699376 -1
0 18.826822 9.210979 3.499999 0.350036 0.699376 -1
0 7.210979 -2.404864 3.500000 0.558046 0.699376 -1
0 8.500000 -6.000000 7.000000 0.622425 0.699376 -1
0 5.500000 -6.000000 7.000000 0.622425 0.699376 -1
0 0.000000 -11.499999 7.000002 0.720916 0.699376 -1
0 -5.500000 -6.000000 7.000000 0.622425 0.699376 -1
0 0.000000 -8.499999 7.000000 0.667194 0.699376 -1
0 -8.500000 -6.000000 7.000000 0.622425 0.699376 -1
0 -18.826822 9.210979 3.499999 0.350036 0.699376 -1
0 -19.500000 5.000000 7.000000 0.425444 0.699376 -1
0 -23.173178 9.210979 3.499999 0.350036 0.699376 -1
0 -22.000000 5.000000 7.000000 0.425444 0.699376 -1
0 -27.210979 5.173177 3.500000 0.422343 0.699376 -1
0 -23.000000 4.000000 7.000000 0.443351 0.699376 -1
0 -23.000000 1.500001 7.000000 0.488120 0.699376 -1
0 -27.210979 0.826823 3.500001 0.500175 0.699376 -1
0 0.000000 -26.384157 3.500004 0.987452 0.699376 -1
0 0.000000 -21.500000 7.000002 0.899990 0.699376 -1
0 27.210979 0.826823 3.500001 0.500175 0.699376 -1
0 23.000000 1.500001 7.000000 0.488120 0.699376 -1
0 27.210979 5.173177 3.500000 0.422343 0.699376 -1
0 23.000000 4.000000 7.000000 0.443351 0.699376 -1
0 23.173178 9.210979 3.499999 0.350036 0.699376 -1
0 22.000000 5.000000 7.000000 0.425444 0.699376 -1
0 1.173177 27.210979 3.499997 0.053518 0.594136 -1
0 -1.500000 28.000000 2.499996 0.040468 0.594136 -1
0 -1.173177 27.210979 3.499997 0.053518 0.594136 -1
0 8.000000 21.500000 2.499997 0.147974 0.594136 -1
0 1.500000 28.000000 2.499996 0.040468 0.594136 -1
0 -18.826822 9.210979 3.499999 0.351228 0.594136 -1
0 -23.500000 10.000000 2.499999 0.338178 0.594136 -1
0 -23.173178 9.210979 3.499999 0.351228 0.594136 -1
0 -27.210979 5.173177 3.500000 0.418011 0.594136 -1
0 27.210979 0.826823 3.500001 0.489897 0.594136 -1
0 27.500000 -0.484318 2.500000 0.511583 0.594136 -1
0 27.210979 5.173177 3.500000 0.418011 0.594136 -1
0 23.173178 9.210979 3.499999 0.351228 0.594136 -1
0 23.500000 10.000000 2.499999 0.338178 0.594136 -1
0 7.210979 21.173178 3.499997 0.153380 0.594136 -1
0 8.000000 -0.500000 2.500000 0.511842 0.594136 -1
0 0.000000 -26.384157 3.500004 0.510280 0.894547 -1
0 -27.500000 -0.484318 2.500000 0.510280 0.894547 -1
0 0.000000 -28.484318 2.500004 0.510280 0.894547 -1
0 -7.210979 21.173178 3.499997 0.153380 0.594136 -1
0 -8.000000 -0.500000 2.500000 0.511842 0.594136 -1
0 -7.210979 -2.404864 3.500001 0.543348 0.594136 -1
0 -8.000000 21.500000 2.499997 0.147974 0.594136 -1
0 -27.500000 -0.484318 2.500000 0.511583 0.594136 -1
0 -27.210979 0.826823 3.500001 0.489897 0.594136 -1
0 27.500000 -0.484318 2.500000 0.510280 0.894547 -1
0 27.210979 0.826823 3.500001 0.510280 0.894547 -1
0 18.826822 9.210979 3.499999 0.351228 0.594136 -1
0 -18.500000 10.000000 2.499999 0.338178 0.594136 -1
0 7.210979 -2.404864 3.500000 0.543348 0.594136 -1
0 27.500000 5.500000 2.500000 0.412605 0.594136 -1
0 -27.500000 5.500000 2.500000 0.412605 0.594136 -1
0 -27.210979 0.826823 3.500001 0.510280 0.894547 -1
0 18.500000 10.000000 2.499999 0.338178 0.594136 -1
0 -0.585786 19.207106 5.999998 0.505117 0.893125 -1
0 0.585786 19.207106 5.999998 0.505117 0.893125 -1
0 1.000000 21.000000 6.999998 0.505117 0.893125 -1
0 -1.000000 21.000000 6.999998 0.505117 0.893125 -1
0 -3.600000 16.792892 5.999999 0.505117 0.893125 -1
0 -4.000000 18.000000 6.999999 0.505117 0.893125 -1
0 3.600000 16.792892 5.999998 0.505117 0.893125 -1
0 4.000000 18.000000 6.999998 0.505117 0.893125 -1
0 3.600000 9.414210 5.999999 0.505117 0.893125 -1
0 4.000000 9.500001 6.999999 0.505117 0.893125 -1
0 -3.600000 9.414210 6.000000 0.505117 0.893125 -1
0 -4.000000 9.500001 7.000000 0.505117 0.893125 -1
0 0.000000 5.500000 6.000000 0.507578 0.967205 -1
0 -3.600000 9.414210 6.000000 0.507578 0.967205 -1
0 -4.000000 9.500001 7.000000 0.507578 0.967205 -1
0 0.000000 5.500000 7.000000 0.507578 0.967205 -1
0 3.600000 9.414210 5.999999 0.507578 0.967205 -1
0 4.000000 9.500001 6.999999 0.507578 0.967205 -1
0 3.600000 -4.585790 6.000000 0.507578 0.967205 -1
0 0.000000 -7.585790 6.000000 0.507578 0.967205 -1
0 0.000000 -8.499999 7.000000 0.507578 0.967205 -1
0 4.000000 -4.500000 7.000000 0.507578 0.967205 -1
0 3.600000 3.000000 6.000000 0.505117 0.893125 -1
0 3.600000 -4.585790 6.000000 0.505117 0.893125 -1
0 4.000000 -4.500000 7.000000 0.505117 0.893125 -1
0 4.000000 6.000000 7.000000 0.505117 0.893125 -1
0 0.000000 -0.000000 6.000000 0.505117 0.893125 -1
0 0.000000 2.000000 7.000000 0.505117 0.893125 -1
0 -3.600000 3.000000 6.000000 0.505117 0.893125 -1
0 -4.000000 6.000000 7.000000 0.505117 0.893125 -1
0 -3.600000 -4.585790 6.000000 0.505117 0.893125 -1
0 -4.000000 -4.500000 7.000000 0.505117 0.893125 -1
0 -3.600000 -4.585790 6.000000 0.507578 0.967205 -1
0 -4.000000 -4.500000 7.000000 0.507578 0.967205 -1
0 21.585787 3.499997 6.000000 0.507578 0.893125 -1
0 22.652683 2.500000 6.000000 0.507578 0.893125 -1
0 23.000000 4.000000 7.000000 0.507578 0.893125 -1
0 22.000000 5.000000 7.000000 0.507578 0.893125 -1
0 19.914213 3.499997 6.000000 0.507578 0.893125 -1
0 19.500000 5.000000 7.000000 0.507578 0.893125 -1
0 22.652683 1.414214 6.000000 0.507578 0.893125 -1
0 23.000000 1.500001 7.000000 0.507578 0.893125 -1
0 -21.585787 3.499997 6.000000 0.507578 0.893125 -1
0 -19.914213 3.499997 6.000000 0.507578 0.893125 -1
0 -19.500000 5.000000 7.000000 0.507578 0.893125 -1
0 -22.000000 5.000000 7.000000 0.507578 0.893125 -1
0 -22.652683 2.500000 6.000000 0.507578 0.893125 -1
0 -23.000000 4.000000 7.000000 0.507578 0.893125 -1
0 -22.652683 1.414214 6.000000 0.507578 0.893125 -1
0 -23.000000 1.500001 7.000000 0.507578 0.893125 -1
0 -8.914213 -7.500003 6.000000 0.507578 0.893125 -1
0 -8.500000 -6.000000 7.000000 0.507578 0.893125 -1
0 0.000000 -20.585787 6.000002 0.507578 0.967205 -1
0 -22.652683 1.414214 6.000000 0.507578 0.967205 -1
0 -23.000000 1.500001 7.000000 0.507578 0.967205 -1
0 0.000000 -21.500000 7.000002 0.507578 0.967205 -1
0 8.914213 -7.500003 6.000000 0.507578 0.893125 -1
0 8.500000 -6.000000 7.000000 0.507578 0.893125 -1
0 22.652683 1.414214 6.000000 0.507578 0.967205 -1
0 23.000000 1.500001 7.000000 0.507578 0.967205 -1
0 0.000000 -13.414215 6.000002 0.507578 0.893125 -1
0 5.914214 -7.500003 6.000000 0.507578 0.893125 -1
0 5.500000 -6.000000 7.000000 0.507578 0.893125 -1
0 0.000000 -11.499999 7.000002 0.507578 0.893125 -1
0 -5.914214 -7.500003 6.000000 0.507578 0.893125 -1
0 -5.500000 -6.000000 7.000000 0.507578 0.893125 -1
109
-0.597300 0.556100 0.577800
-0.658500 0.572000 0.489100
0.840300 -0.064400 0.538300
-0.840300 -0.064500 0.538300
-0.780600 -0.032100 0.624200
0.658500 0.571900 0.489100
-0.007300 0.778500 0.627600
0.577100 0.569700 0.585200
-0.572100 0.573100 0.586700
0.001700 0.778000 0.628300
0.556100 0.597300 0.577800
0.780700 -0.032100 0.624100
0.032600 0.780700 0.624100
0.019500 0.775600 0.630900
0.583000 0.555100 0.593300
-0.001800 0.778000 0.628300
0.571800 0.573300 0.586800
-0.556100 0.597300 0.577800
0.718600 -0.015000 0.695200
0.513200 0.539000 0.667900
0.573600 -0.522300 0.631000
0.775500 -0.071600 0.627200
-0.220600 -0.971300 -0.089100
-0.146000 -0.355500 0.923200
-0.775500 -0.071600 0.627200
-0.573600 -0.522300 0.631000
-0.711600 -0.046000 0.701000
-0.523100 0.538600 0.660500
-0.597100 0.536600 0.596300
-0.143800 -0.301700 0.942500
0.179600 0.504800 0.844400
-0.176100 0.498400 0.848900
0.156900 -0.358100 0.920400
-0.578600 0.277200 0.767000
0.340800 -0.168500 0.924900
-0.173500 0.405300 0.897600
-0.373400 0.280300 0.884300
-0.000000 0.054100 0.998500
-0.013000 0.700400 0.713600
-0.613400 0.082400 0.785500
0.006600 -0.146500 0.989200
0.613800 0.085500 0.784800
-0.343700 -0.157000 0.925900
0.578600 0.277200 0.767000
-0.006800 -0.145700 0.989300
0.373500 0.280300 0.884300
-0.355600 0.714700 0.602300
-0.295000 0.708400 0.641300
0.174100 0.405500 0.897300
-0.211800 0.543000 0.812600
-0.000800 -0.348800 0.937200
-0.006500 0.009000 0.999900
0.000200 -0.349100 0.937100
-0.003400 0.564100 0.825700
0.217200 0.570400 0.792200
0.231300 0.611200 0.756900
-0.127500 -0.300400 0.945200
-0.233600 0.591600 0.771600
0.128500 -0.307300 0.942900
-0.725200 0.243700 0.644000
0.386400 -0.213500 0.897300
-0.560000 -0.316300 0.765800
-0.726200 -0.157000 0.669300
-0.000000 -0.428200 0.903700
0.005500 0.425800 0.904800
0.726200 -0.157000 0.669300
0.553300 -0.330500 0.764600
0.727700 0.242700 0.641500
-0.336500 -0.196700 0.920900
0.232900 0.590300 0.772900
-0.146800 -0.365900 0.919000
-0.291000 0.702500 0.649400
0.702500 0.291000 0.649400
0.291000 0.702500 0.649400
-0.298300 0.711200 0.636600
0.631700 -0.375300 0.678300
0.298300 0.711200 0.636600
0.167000 0.403200 0.899800
-0.631700 -0.375300 0.678300
-0.000000 -0.429900 0.902900
-0.167000 0.403200 0.899800
-0.702500 0.291000 0.649400
0.856600 0.363300 0.366300
-0.856600 0.363300 0.366300
0.114400 -0.201200 0.972800
-0.114500 -0.201200 0.972800
0.632400 -0.084100 0.770100
-0.632400 -0.084100 0.770100
-0.776300 0.374300 0.507200
0.776300 0.374300 0.507200
-0.000000 0.956100 0.293000
-0.683800 0.346300 0.642200
-0.000000 0.758000 0.652300
-0.474500 -0.187700 0.860000
-0.000100 0.019800 0.999800
0.474500 -0.187700 0.860000
0.683800 0.346300 0.642200
-0.121800 -0.247400 0.961200
-0.679400 -0.076000 0.729800
0.122300 -0.244900 0.961800
-0.710500 0.338100 0.617200
0.121800 -0.247400 0.961200
-0.122300 -0.244900 0.961800
0.679400 -0.076100 0.729800
0.710500 0.338100 0.617200
-0.037300 -0.115800 0.992600
-0.000000 0.767600 0.640900
0.037400 -0.115800 0.992600
-0.000000 -0.036600 0.999300
160
0 0 1 2 0 1 2 1
0 3 4 5 3 4 5 1
0 6 7 8 6 7 8 1
0 9 6 8 9 6 8 1
0 10 11 7 10 11 7 1
0 7 6 10 7 6 10 1
0 11 10 2 11 10 2 1
0 0 12 1 0 12 1 1
0 13 14 12 13 14 12 1
0 12 0 13 12 0 13 1
0 15 5 16 15 5 16 1
0 3 17 4 3 17 4 1
0 17 9 8 17 9 8 1
0 17 8 4 17 8 4 1
0 18 19 14 18 19 14 1
0 14 13 18 14 13 18 1
0 20 19 18 20 19 18 1
0 18 21 20 18 21 20 1
0 22 23 20 22 23 20 1
0 20 21 22 20 21 22 1
0 22 24 25 22 24 25 1
0 25 23 22 25 23 22 1
0 26 27 25 26 27 25 1
0 25 24 26 25 24 26 1
0 28 29 27 28 12 27 1
0 27 26 28 27 26 28 1
0 15 16 29 15 16 12 1
0 29 28 15 12 28 15 1
0 1 11 2 1 11 2 1
0 3 5 15 3 5 15 1
0 30 31 32 29 30 31 1
0 32 33 30 31 32 29 1
0 34 35 32 33 34 31 1
0 36 37 34 35 36 33 1
0 38 39 40 37 38 39 1
0 40 41 38 39 40 37 1
0 39 38 42 38 37 41 1
0 43 44 31 42 43 30 1
0 43 31 30 42 30 29 1
0 44 43 42 43 42 41 1
0 44 42 45 43 41 44 1
0 44 45 46 43 44 45 1
0 47 48 49 46 47 48 1
0 50 47 49 49 46 48 1
0 51 50 49 50 49 48 1
0 46 51 49 45 50 48 1
0 51 46 52 50 45 51 1
0 37 53 52 36 52 51 1
0 37 52 54 36 51 53 1
0 36 53 37 35 52 36 1
0 36 55 53 35 54 52 1
0 56 57 55 55 56 54 1
0 55 36 56 54 35 55 1
0 56 58 57 55 57 56 1
0 58 59 57 57 58 56 1
0 60 61 59 59 60 58 1
0 59 58 60 58 57 59 1
0 60 62 61 59 61 60 1
0 60 63 62 59 62 61 1
0 64 65 62 63 64 61 1
0 62 63 64 61 62 63 1
0 64 66 67 63 65 66 1
0 64 67 65 63 66 64 1
0 66 68 67 65 67 66 1
0 68 69 67 67 68 66 1
0 70 71 69 69 70 68 1
0 70 69 68 69 68 67 1
0 47 71 70 46 70 69 1
0 47 70 48 46 69 47 1
0 46 54 52 45 53 51 1
0 44 46 49 43 45 48 1
0 35 33 32 34 32 31 1
0 34 37 41 33 36 40 1
0 34 41 40 33 40 39 1
0 34 40 35 33 39 34 1
0 72 73 74 30 71 31 1
0 72 75 76 30 72 73 1
0 77 78 79 55 74 57 1
0 79 78 80 57 74 59 1
0 81 82 83 65 75 67 1
0 84 83 85 69 67 76 1
0 86 87 75 43 77 72 1
0 88 89 90 63 78 79 1
0 91 92 93 33 80 35 1
0 91 74 94 33 31 81 1
0 80 95 96 59 78 62 1
0 88 97 98 63 75 65 1
0 84 85 99 69 76 47 1
0 77 92 100 55 80 73 1
0 99 87 101 47 77 48 1
0 38 45 42 37 44 41 1
0 72 76 73 30 73 71 1
0 72 86 75 30 43 72 1
0 77 100 78 55 73 74 1
0 82 102 83 75 82 67 1
0 78 103 80 74 83 59 1
0 86 101 87 43 48 77 1
0 88 104 89 63 62 78 1
0 91 94 92 33 81 80 1
0 85 105 99 76 71 47 1
0 80 103 95 59 83 78 1
0 88 90 97 63 79 75 1
0 83 102 85 67 82 76 1
0 77 93 92 55 35 80 1
0 99 105 87 47 71 77 1
0 74 73 94 31 71 81 1
0 106 107 108 84 85 29 1
0 106 108 109 84 29 32 1
0 110 106 109 86 84 32 1
0 110 109 111 86 32 34 1
0 107 112 113 85 87 42 1
0 107 113 108 85 42 29 1
0 112 114 115 87 88 41 1
0 112 115 113 87 41 42 1
0 116 110 111 89 86 34 1
0 116 111 117 89 34 39 1
0 118 119 120 90 89 39 1
0 118 120 121 90 39 38 1
0 122 118 121 88 90 38 1
0 122 121 123 88 38 41 1
0 124 125 126 91 92 53 1
0 124 126 127 91 53 45 1
0 128 129 130 93 91 45 1
0 128 130 131 93 45 44 1
0 132 128 131 94 93 44 1
0 132 131 133 94 44 37 1
0 134 132 133 95 94 37 1
0 134 133 135 95 37 40 1
0 136 134 135 96 95 40 1
0 136 135 137 96 40 36 1
0 125 138 139 92 96 36 1
0 125 139 126 92 36 53 1
0 140 141 142 97 98 68 1
0 140 142 143 97 68 70 1
0 144 140 143 99 97 70 1
0 144 143 145 99 70 46 1
0 141 146 147 98 100 66 1
0 141 147 142 98 66 68 1
0 148 149 150 101 102 56 1
0 148 150 151 101 56 58 1
0 152 148 151 103 101 58 1
0 152 151 153 103 58 60 1
0 154 152 153 104 103 60 1
0 154 153 155 104 60 61 1
0 149 156 157 102 105 54 1
0 149 157 150 102 54 56 1
0 158 159 160 106 104 61 1
0 158 160 161 106 61 64 1
0 162 144 145 107 99 46 1
0 162 145 163 107 46 49 1
0 164 158 161 100 106 64 1
0 164 161 165 100 64 66 1
0 166 167 168 108 99 50 1
0 166 168 169 108 50 51 1
0 167 162 163 99 107 49 1
0 167 163 168 99 49 50 1
0 170 166 169 102 108 51 1
0 170 169 171 102 51 52 1
0 156 170 171 105 102 52 1
0 156 171 157 105 52 54 1
"electric" 0 2
14
0 -34.104511 -34.950882 7.100001 0.000000 1.000000 -1
0 -28.000000 -34.950901 7.100000 0.089497 1.000000 -1
0 0.000000 0.000000 7.099999 0.500000 0.500000 -1
0 -34.104511 -28.000000 7.100000 0.000000 0.900562 -1
0 -34.104511 28.000000 7.100000 0.000000 0.099438 -1
0 -34.104511 0.000000 7.100000 0.000000 0.500000 -1
0 -34.104511 34.950882 7.099999 0.000000 0.000000 -1
0 -28.000000 34.950882 7.100000 0.089497 0.000000 -1
0 34.104511 -28.000000 7.099999 1.000000 0.900562 -1
0 34.104511 -34.950882 7.100000 1.000000 1.000000 -1
0 34.104511 34.950882 7.099998 1.000000 0.000000 -1
0 34.104511 28.000000 7.099999 1.000000 0.099438 -1
0 28.000000 34.950901 7.099999 0.910503 0.000000 -1
0 28.000000 -34.950901 7.100000 0.910503 1.000000 -1
9
-0.882700 0.332300 0.332300
-0.000000 -0.000000 1.000000
0.481900 0.461200 0.745000
-0.996900 -0.000000 -0.078900
-0.000000 -0.000000 -0.000000
-0.994400 -0.000000 -0.105400
-0.000000 0.707100 0.707100
-0.992900 -0.083900 -0.083900
0.930700 -0.232400 0.282300
16
0 0 1 2 0 1 2 1
0 0 2 3 0 2 3 1
0 3 4 5 3 1 4 1
0 6 2 7 1 2 1 1
0 8 9 9 5 6 4 1
0 10 11 10 7 8 4 1
0 7 2 12 1 2 1 1
0 2 11 10 2 8 7 1
0 0 3 0 0 3 4 1
0 4 2 6 1 2 1 1
0 3 2 4 3 2 1 1
0 12 2 10 1 2 7 1
0 2 13 9 2 1 6 1
0 2 9 8 2 6 5 1
0 11 2 8 8 2 5 1
0 2 1 13 2 1 1 1

Materials: 3
"white outer"
0.000000 0.000000 0.000000 1.000000
1.000000 1.000000 1.000000 1.000000
1.000000 1.000000 1.000000 1.000000
0.000000 0.000000 0.000000 1.000000
0.000000
1.000000
"_mine tex.png"
""
"red middle"
1.000000 1.000000 1.000000 1.000000
1.000000 1.000000 1.000000 1.000000
0.898039 0.898039 0.898039 1.000000
0.000000 0.000000 0.000000 1.000000
12.799999
1.000000
"_mine ani tex.ini"
""
"shock"
0.000000 0.000000 0.000000 1.000000
1.000000 1.000000 1.000000 1.000000
1.000000 1.000000 1.000000 1.000000
0.000000 0.000000 0.000000 1.000000
0.000000
1.000000
"_mine shock.ini"
""

Bones: 1
"joint1"
""
0 0 0 0 0 0 0
2
1.000000 0.000000 0.000000 0.000000
120.000000 0.000000 0.000000 0.000000
3
1.000000 0.000000 0.000000 0.000000
60.000000 0.000000 0.000000 3.1
120.000000 0.000000 0.000000 6.2

GroupComments: 0
MaterialComments: 0
BoneComments: 0
ModelComment: 0