// MilkShape 3D ASCII

Frames: 30
Frame: 1

Meshes: 3
"frame" 0 0
60
0 18.500000 10.000000 3.000000 0.011746 0.245887 -1
0 10.000000 4.000000 -0.000000 0.008019 0.471834 -1
0 8.000000 -0.500000 3.000000 0.010812 0.478136 -1
0 -8.000000 -0.500000 3.000000 0.025989 0.426577 -1
0 -10.000000 22.000000 -0.000002 0.025989 0.169577 -1
0 -10.000000 4.000000 -0.000000 0.025989 0.421825 -1
0 1.500000 28.000000 2.999998 0.020823 0.034976 -1
0 2.000000 30.000000 -0.000002 0.020823 0.034976 -1
0 -2.000000 30.000000 -0.000002 0.020823 0.034976 -1
0 -1.500000 28.000000 2.999998 0.020823 0.034976 -1
0 8.000000 21.500000 2.999999 0.069426 0.156456 -1
0 10.000000 22.000000 -0.000002 0.069426 0.156052 -1
0 2.000000 30.000000 -0.000002 0.069118 0.038637 -1
0 1.500000 28.000000 2.999998 0.069118 0.040185 -1
0 10.000000 22.000000 -0.000002 0.116480 0.165444 -1
0 8.000000 21.500000 2.999999 0.116480 0.168125 -1
0 8.000000 -0.500000 3.000000 0.115865 0.443182 -1
0 18.000000 12.000000 -0.000001 0.008279 0.243430 -1
0 23.500000 10.000000 3.000000 0.032994 0.322140 -1
0 24.000000 12.000000 -0.000001 0.030749 0.317650 -1
0 18.000000 12.000000 -0.000001 0.030555 0.425782 -1
0 18.500000 10.000000 3.000000 0.032800 0.421293 -1
0 -18.500000 10.000000 3.000000 0.074116 0.237328 -1
0 -10.000000 4.000000 -0.000000 0.072410 0.459880 -1
0 -18.000000 12.000000 -0.000001 0.076197 0.238656 -1
0 -8.000000 21.500000 2.999999 0.025989 0.169013 -1
0 -8.000000 21.500000 2.999999 0.007867 0.179894 -1
0 -1.500000 28.000000 2.999998 0.007867 0.044767 -1
0 -2.000000 30.000000 -0.000002 0.007867 0.042062 -1
0 -10.000000 22.000000 -0.000002 0.007867 0.177870 -1
0 28.000000 5.500000 3.000000 0.069882 0.410429 -1
0 30.000000 6.000000 -0.000000 0.069882 0.410429 -1
0 24.000000 12.000000 -0.000001 0.069882 0.410429 -1
0 23.500000 10.000000 3.000000 0.069882 0.410429 -1
0 30.000000 0.000000 0.000000 0.103447 0.534451 -1
0 30.000000 6.000000 -0.000000 0.103447 0.399965 -1
0 28.000000 5.500000 3.000000 0.101202 0.404455 -1
0 28.000000 0.500000 3.000000 0.101202 0.529961 -1
0 0.000000 -27.500000 3.000002 0.120326 0.990141 -1
0 0.000000 -30.000000 0.000002 0.122070 0.993986 -1
0 30.000000 0.000000 0.000000 0.123121 0.462269 -1
0 28.000000 0.500000 3.000000 0.120876 0.457780 -1
0 0.000000 -27.500000 3.000002 0.072867 0.991860 -1
0 -28.000000 0.500000 3.000000 0.075015 0.465043 -1
0 -30.000000 0.000000 0.000000 0.072770 0.469533 -1
0 0.000000 -30.000000 0.000002 0.074224 0.992605 -1
0 -28.000000 5.500000 3.000000 0.033426 0.432998 -1
0 -30.000000 6.000000 -0.000000 0.031181 0.428508 -1
0 -30.000000 0.000000 0.000000 0.031181 0.531990 -1
0 -28.000000 0.500000 3.000000 0.033426 0.527501 -1
0 -23.500000 10.000000 3.000000 0.003608 0.427899 -1
0 -24.000000 12.000000 -0.000001 0.003608 0.427899 -1
0 -30.000000 6.000000 -0.000000 0.003608 0.427899 -1
0 -28.000000 5.500000 3.000000 0.003608 0.427899 -1
0 -18.500000 10.000000 3.000000 0.016129 0.421293 -1
0 -18.000000 12.000000 -0.000001 0.018374 0.425782 -1
0 -24.000000 12.000000 -0.000001 0.018568 0.317650 -1
0 -23.500000 10.000000 3.000000 0.016323 0.322140 -1
0 10.000000 4.000000 -0.000000 0.115865 0.445046 -1
0 -8.000000 -0.500000 3.000000 0.070426 0.464721 -1
17
-0.336300 0.756800 0.560600
0.172700 0.492100 0.853200
0.202600 0.479300 0.854000
-0.202600 0.479300 0.854000
-0.768800 0.303300 0.563100
-0.172700 0.492100 0.853200
0.336300 0.756800 0.560600
0.303300 0.768800 0.563100
-0.303300 0.768800 0.563100
0.756800 0.336300 0.560600
0.768800 0.303300 0.563100
-0.756800 0.336300 0.560600
0.768800 -0.303300 0.563100
0.756800 -0.336300 0.560600
-0.000000 -0.768200 0.640200
-0.756800 -0.336300 0.560600
-0.768800 -0.303300 0.563100
30
0 0 1 2 0 1 2 1
0 3 4 5 3 4 5 1
0 6 7 8 6 7 8 1
0 9 6 8 0 6 8 1
0 10 11 12 9 10 7 1
0 12 13 10 7 6 9 1
0 14 15 16 10 9 2 1
0 0 17 1 0 8 1 1
0 18 19 20 6 7 8 1
0 20 21 18 8 0 6 1
0 22 23 24 6 5 7 1
0 3 25 4 3 11 4 1
0 26 27 28 11 0 8 1
0 26 28 29 11 8 4 1
0 30 31 32 9 10 7 1
0 32 33 30 7 6 9 1
0 34 35 36 12 10 9 1
0 36 37 34 9 13 12 1
0 38 39 40 14 14 12 1
0 40 41 38 12 13 14 1
0 42 43 44 14 15 16 1
0 44 45 42 16 14 14 1
0 46 47 48 11 4 16 1
0 48 49 46 16 15 11 1
0 50 51 52 0 8 4 1
0 52 53 50 4 11 0 1
0 54 55 56 6 7 8 1
0 56 57 54 8 0 6 1
0 58 14 16 1 10 2 1
0 59 23 22 3 5 6 1
"outer" 0 1
126
0 1.000000 21.000000 7.499998 0.530090 0.123182 -1
0 1.173177 27.210979 3.999997 0.530090 0.011272 -1
0 -1.173177 27.210979 3.999997 0.530090 0.011272 -1
0 -1.000000 21.000000 7.499998 0.530090 0.123182 -1
0 -7.210979 21.173178 3.999997 0.530090 0.120062 -1
0 -4.000000 18.000000 7.499999 0.530090 0.177236 -1
0 -7.210979 -2.404864 4.000001 0.530090 0.544892 -1
0 -4.000000 -4.500000 7.500000 0.530090 0.582642 -1
0 0.000000 2.000000 7.500000 0.530090 0.465524 -1
0 0.000000 5.500000 7.500000 0.530090 0.402462 -1
0 -4.000000 9.500001 7.500000 0.530090 0.330390 -1
0 -4.000000 6.000000 7.500000 0.530090 0.393452 -1
0 4.000000 9.500001 7.499999 0.530090 0.330390 -1
0 4.000000 18.000000 7.499998 0.530090 0.177236 -1
0 7.210979 21.173178 3.999997 0.530090 0.120062 -1
0 4.000000 6.000000 7.500000 0.530090 0.393452 -1
0 4.000000 -4.500000 7.500000 0.530090 0.582642 -1
0 19.500000 5.000000 7.500000 0.530090 0.411470 -1
0 18.826822 9.210979 3.999999 0.530090 0.335596 -1
0 7.210979 -2.404864 4.000000 0.530090 0.544892 -1
0 8.500000 -6.000000 7.500000 0.530090 0.609668 -1
0 5.500000 -6.000000 7.500000 0.530090 0.609668 -1
0 0.000000 -11.499999 7.500002 0.530090 0.708768 -1
0 -5.500000 -6.000000 7.500000 0.530090 0.609668 -1
0 0.000000 -8.499999 7.500000 0.530090 0.654714 -1
0 -8.500000 -6.000000 7.500000 0.530090 0.609668 -1
0 -18.826822 9.210979 3.999999 0.530090 0.335596 -1
0 -19.500000 5.000000 7.500000 0.530090 0.411470 -1
0 -23.173178 9.210979 3.999999 0.530090 0.335596 -1
0 -22.000000 5.000000 7.500000 0.530090 0.411470 -1
0 -27.210979 5.173177 4.000000 0.530090 0.408350 -1
0 -23.000000 4.000000 7.500000 0.530090 0.429488 -1
0 -23.000000 1.500001 7.500000 0.530090 0.474534 -1
0 -27.210979 0.826823 4.000001 0.530090 0.486662 -1
0 0.000000 -26.384157 4.000004 0.530090 0.976950 -1
0 0.000000 -21.500000 7.500002 0.530090 0.888948 -1
0 27.210979 0.826823 4.000001 0.530090 0.486662 -1
0 23.000000 1.500001 7.500000 0.530090 0.474534 -1
0 27.210979 5.173177 4.000000 0.530090 0.408350 -1
0 23.000000 4.000000 7.500000 0.530090 0.429488 -1
0 23.173178 9.210979 3.999999 0.530090 0.335596 -1
0 22.000000 5.000000 7.500000 0.530090 0.411470 -1
0 1.173177 27.210979 3.999997 0.556906 0.014216 -1
0 -1.500000 28.000000 2.999996 0.556906 0.000000 -1
0 -1.173177 27.210979 3.999997 0.556906 0.014216 -1
0 8.000000 21.500000 2.999997 0.556906 0.117118 -1
0 1.500000 28.000000 2.999996 0.556906 0.000000 -1
0 -18.826822 9.210979 3.999999 0.556906 0.338540 -1
0 -23.500000 10.000000 2.999999 0.556906 0.324324 -1
0 -23.173178 9.210979 3.999999 0.556906 0.338540 -1
0 -27.210979 5.173177 4.000000 0.556906 0.411294 -1
0 27.210979 0.826823 4.000001 0.556906 0.489606 -1
0 28.000000 0.500000 3.000000 0.556906 0.495496 -1
0 27.210979 5.173177 4.000000 0.556906 0.411294 -1
0 23.173178 9.210979 3.999999 0.556906 0.338540 -1
0 23.500000 10.000000 2.999999 0.556906 0.324324 -1
0 7.210979 21.173178 3.999997 0.556906 0.123006 -1
0 8.000000 -0.500000 3.000000 0.556906 0.513514 -1
0 0.000000 -26.384157 4.000004 0.556906 0.979894 -1
0 -28.000000 0.500000 3.000000 0.556906 0.495496 -1
0 0.000000 -27.500000 3.000004 0.556906 1.000000 -1
0 -7.210979 21.173178 3.999997 0.556906 0.123006 -1
0 -8.000000 -0.500000 3.000000 0.556906 0.513514 -1
0 -7.210979 -2.404864 4.000001 0.556906 0.547836 -1
0 -8.000000 21.500000 2.999997 0.556906 0.117118 -1
0 -27.210979 0.826823 4.000001 0.556906 0.489606 -1
0 18.826822 9.210979 3.999999 0.556906 0.338540 -1
0 -18.500000 10.000000 2.999999 0.556906 0.324324 -1
0 7.210979 -2.404864 4.000000 0.556906 0.547836 -1
0 28.000000 5.500000 3.000000 0.556906 0.405406 -1
0 -28.000000 5.500000 3.000000 0.556906 0.405406 -1
0 18.500000 10.000000 2.999999 0.556906 0.324324 -1
0 -0.585786 20.000000 7.499998 0.474022 0.189640 -1
0 0.585786 20.000000 7.499998 0.474022 0.189640 -1
0 1.000000 21.000000 7.499998 0.474022 0.173424 -1
0 -1.000000 21.000000 7.499998 0.474022 0.173424 -1
0 -3.000000 17.585787 7.499999 0.474022 0.228790 -1
0 -4.000000 18.000000 7.499999 0.474022 0.222073 -1
0 3.000000 17.585787 7.499998 0.474022 0.228790 -1
0 4.000000 18.000000 7.499998 0.474022 0.222073 -1
0 3.000000 9.914214 7.499999 0.474022 0.353193 -1
0 4.000000 9.500001 7.499999 0.474022 0.359910 -1
0 -3.000000 9.914214 7.500000 0.474022 0.353193 -1
0 -4.000000 9.500001 7.500000 0.474022 0.359910 -1
0 0.000000 6.914214 7.500000 0.474022 0.401841 -1
0 0.000000 5.500000 7.500000 0.474022 0.424774 -1
0 3.000000 -4.085786 7.500000 0.474022 0.580220 -1
0 0.000000 -7.085786 7.500000 0.474022 0.628868 -1
0 0.000000 -8.499999 7.500000 0.474022 0.651801 -1
0 4.000000 -4.500000 7.500000 0.474022 0.586936 -1
0 3.000000 3.585787 7.500000 0.474022 0.455816 -1
0 4.000000 6.000000 7.500000 0.474022 0.416667 -1
0 0.000000 0.585787 7.500000 0.474022 0.504465 -1
0 0.000000 2.000000 7.500000 0.474022 0.481532 -1
0 -3.000000 3.585787 7.500000 0.474022 0.455816 -1
0 -4.000000 6.000000 7.500000 0.474022 0.416667 -1
0 -3.000000 -4.085786 7.500000 0.474022 0.580220 -1
0 -4.000000 -4.500000 7.500000 0.474022 0.586936 -1
0 21.585787 4.000000 7.500000 0.474022 0.449100 -1
0 22.000000 3.585787 7.500000 0.474022 0.455816 -1
0 23.000000 4.000000 7.500000 0.474022 0.449100 -1
0 22.000000 5.000000 7.500000 0.474022 0.432883 -1
0 19.914213 4.000000 7.500000 0.474022 0.449099 -1
0 19.500000 5.000000 7.500000 0.474022 0.432883 -1
0 22.000000 1.914214 7.500000 0.474022 0.482922 -1
0 23.000000 1.500001 7.500000 0.474022 0.489639 -1
0 -21.585787 4.000000 7.500000 0.474022 0.449100 -1
0 -19.914213 4.000000 7.500000 0.474022 0.449099 -1
0 -19.500000 5.000000 7.500000 0.474022 0.432883 -1
0 -22.000000 5.000000 7.500000 0.474022 0.432883 -1
0 -22.000000 3.585787 7.500000 0.474022 0.455816 -1
0 -23.000000 4.000000 7.500000 0.474022 0.449100 -1
0 -22.000000 1.914214 7.500000 0.474022 0.482922 -1
0 -23.000000 1.500001 7.500000 0.474022 0.489639 -1
0 -8.914213 -7.000000 7.500000 0.474022 0.627478 -1
0 -8.500000 -6.000000 7.500000 0.474022 0.611262 -1
0 0.000000 -20.085787 7.500002 0.474022 0.839679 -1
0 0.000000 -21.500000 7.500002 0.474022 0.862612 -1
0 8.914213 -7.000000 7.500000 0.474022 0.627478 -1
0 8.500000 -6.000000 7.500000 0.474022 0.611262 -1
0 0.000000 -12.914212 7.500002 0.474022 0.723383 -1
0 5.914214 -7.000000 7.500000 0.474022 0.627478 -1
0 5.500000 -6.000000 7.500000 0.474022 0.611262 -1
0 0.000000 -11.499999 7.500002 0.474022 0.700450 -1
0 -5.914214 -7.000000 7.500000 0.474022 0.627478 -1
0 -5.500000 -6.000000 7.500000 0.474022 0.611262 -1
48
0.034000 0.061800 0.997500
0.179400 0.504500 0.844600
-0.176000 0.498100 0.849100
-0.027800 0.050600 0.998300
-0.578600 0.277200 0.767000
-0.082300 0.024800 0.996300
-0.173500 0.405300 0.897600
-0.435600 0.194100 0.878900
-0.000000 -0.000000 1.000000
-0.668800 -0.000000 0.743500
-0.148400 -0.000000 0.988900
0.668800 -0.000000 0.743500
0.082300 0.024700 0.996300
0.578600 0.277200 0.767000
0.148400 -0.000000 0.988900
0.435600 0.194100 0.878900
-0.304200 0.624700 0.719200
-0.295000 0.708400 0.641300
0.174100 0.405500 0.897300
-0.231900 0.571000 0.787600
0.022300 0.052700 0.998400
-0.022200 0.052700 0.998400
0.236900 0.583100 0.777100
0.231300 0.611200 0.756900
0.037100 0.076200 0.996400
-0.233600 0.591600 0.771600
-0.033800 0.074800 0.996600
-0.593800 0.234700 0.769700
-0.061200 0.027700 0.997700
-0.624700 -0.304300 0.719200
-0.609900 -0.230500 0.758200
-0.000000 -0.595600 0.803300
-0.000000 -0.105600 0.994400
0.609900 -0.230500 0.758200
0.624700 -0.304300 0.719200
0.595300 0.235500 0.768200
0.074800 0.033800 0.996600
0.232900 0.590200 0.772900
0.027700 0.061200 0.997700
-0.291000 0.702500 0.649400
0.702500 0.291000 0.649400
0.291000 0.702500 0.649400
0.702500 -0.291000 0.649400
0.167000 0.403200 0.899800
-0.702500 -0.291000 0.649400
-0.000000 -0.667400 0.744700
-0.167000 0.403200 0.899800
-0.702500 0.291000 0.649400
130
0 0 1 2 0 1 2 1
0 2 3 0 2 3 0 1
0 4 5 2 4 5 2 1
0 6 7 4 6 7 4 1
0 8 9 10 8 8 9 1
0 10 11 8 9 10 8 1
0 9 8 12 8 8 11 1
0 13 14 1 12 13 1 1
0 13 1 0 12 1 0 1
0 14 13 12 13 12 11 1
0 14 12 15 13 11 14 1
0 14 15 16 13 14 15 1
0 17 18 19 16 17 18 1
0 20 17 19 19 16 18 1
0 21 20 19 20 19 18 1
0 16 21 19 15 20 18 1
0 21 16 22 20 15 8 1
0 7 23 22 7 21 8 1
0 7 22 24 7 8 8 1
0 6 23 7 6 21 7 1
0 6 25 23 6 22 21 1
0 26 27 25 23 24 22 1
0 25 6 26 22 6 23 1
0 26 28 27 23 25 24 1
0 28 29 27 25 26 24 1
0 30 31 29 27 28 26 1
0 29 28 30 26 25 27 1
0 30 32 31 27 29 28 1
0 30 33 32 27 30 29 1
0 34 35 32 31 32 29 1
0 32 33 34 29 30 31 1
0 34 36 37 31 33 34 1
0 34 37 35 31 34 32 1
0 36 38 37 33 35 34 1
0 38 39 37 35 36 34 1
0 40 41 39 37 38 36 1
0 40 39 38 37 36 35 1
0 17 41 40 16 38 37 1
0 17 40 18 16 37 17 1
0 16 24 22 15 8 8 1
0 14 16 19 13 15 18 1
0 5 3 2 5 3 2 1
0 4 7 11 4 7 10 1
0 4 11 10 4 10 9 1
0 4 10 5 4 9 5 1
0 42 43 44 1 39 2 1
0 42 45 46 1 40 41 1
0 47 48 49 23 39 25 1
0 49 48 50 25 39 27 1
0 51 52 53 33 42 35 1
0 54 53 55 37 35 41 1
0 56 57 45 13 43 40 1
0 58 59 60 31 44 45 1
0 61 62 63 4 46 6 1
0 61 44 64 4 2 47 1
0 50 59 65 27 44 30 1
0 58 52 51 31 42 33 1
0 54 55 66 37 41 17 1
0 47 62 67 23 46 41 1
0 66 57 68 17 43 18 1
0 8 15 12 8 14 11 1
0 42 46 43 1 41 39 1
0 42 56 45 1 13 40 1
0 47 67 48 23 41 39 1
0 52 69 53 42 40 35 1
0 48 70 50 39 47 27 1
0 56 68 57 13 18 43 1
0 58 65 59 31 30 44 1
0 61 64 62 4 47 46 1
0 55 71 66 41 39 17 1
0 50 70 59 27 47 44 1
0 58 60 52 31 45 42 1
0 53 69 55 35 40 41 1
0 47 63 62 23 6 46 1
0 66 71 57 17 39 43 1
0 44 43 64 2 39 47 1
0 72 73 74 8 8 0 1
0 72 74 75 8 0 3 1
0 76 72 75 8 8 3 1
0 76 75 77 8 3 5 1
0 73 78 79 8 8 12 1
0 73 79 74 8 12 0 1
0 78 80 81 8 8 11 1
0 78 81 79 8 11 12 1
0 82 76 77 8 8 5 1
0 82 77 83 8 5 9 1
0 84 82 83 8 8 9 1
0 84 83 85 8 9 8 1
0 80 84 85 8 8 8 1
0 80 85 81 8 8 11 1
0 86 87 88 8 8 8 1
0 86 88 89 8 8 15 1
0 90 86 89 8 8 15 1
0 90 89 91 8 15 14 1
0 92 90 91 8 8 14 1
0 92 91 93 8 14 8 1
0 94 92 93 8 8 8 1
0 94 93 95 8 8 10 1
0 96 94 95 8 8 10 1
0 96 95 97 8 10 7 1
0 87 96 97 8 8 7 1
0 87 97 88 8 7 8 1
0 98 99 100 8 8 36 1
0 98 100 101 8 36 38 1
0 102 98 101 8 8 38 1
0 102 101 103 8 38 16 1
0 99 104 105 8 8 34 1
0 99 105 100 8 34 36 1
0 106 107 108 8 8 24 1
0 106 108 109 8 24 26 1
0 110 106 109 8 8 26 1
0 110 109 111 8 26 28 1
0 112 110 111 8 8 28 1
0 112 111 113 8 28 29 1
0 107 114 115 8 8 22 1
0 107 115 108 8 22 24 1
0 116 112 113 8 8 29 1
0 116 113 117 8 29 32 1
0 118 102 103 8 8 16 1
0 118 103 119 8 16 19 1
0 104 116 117 8 8 32 1
0 104 117 105 8 32 34 1
0 120 121 122 8 8 20 1
0 120 122 123 8 20 8 1
0 121 118 119 8 8 19 1
0 121 119 122 8 19 20 1
0 124 120 123 8 8 8 1
0 124 123 125 8 8 21 1
0 114 124 125 8 8 21 1
0 114 125 115 8 21 22 1
"inner" 0 1
27
0 0.000000 -8.499999 7.500000 0.505801 0.651801 -1
0 4.000000 -4.500000 7.500000 0.505801 0.586936 -1
0 4.000000 6.000000 7.500000 0.505801 0.416667 -1
0 1.000000 21.000000 7.499998 0.505801 0.173424 -1
0 -1.000000 21.000000 7.499998 0.505801 0.173424 -1
0 -4.000000 18.000000 7.499999 0.505801 0.222073 -1
0 4.000000 18.000000 7.499998 0.505801 0.222073 -1
0 -4.000000 9.500001 7.500000 0.505801 0.359910 -1
0 4.000000 9.500001 7.499999 0.505801 0.359910 -1
0 0.000000 5.500000 7.500000 0.505801 0.424774 -1
0 0.000000 2.000000 7.500000 0.505801 0.481532 -1
0 -4.000000 6.000000 7.500000 0.505801 0.416667 -1
0 -4.000000 -4.500000 7.500000 0.505801 0.586936 -1
0 0.000000 -21.500000 7.500002 0.505801 0.862612 -1
0 8.500000 -6.000000 7.500000 0.505801 0.611262 -1
0 0.000000 -11.499999 7.500002 0.505801 0.700450 -1
0 -8.500000 -6.000000 7.500000 0.505801 0.611262 -1
0 23.000000 4.000000 7.500000 0.505801 0.449100 -1
0 22.000000 5.000000 7.500000 0.505801 0.432883 -1
0 19.500000 5.000000 7.500000 0.505801 0.432883 -1
0 23.000000 1.500001 7.500000 0.505801 0.489639 -1
0 -19.500000 5.000000 7.500000 0.505801 0.432883 -1
0 -22.000000 5.000000 7.500000 0.505801 0.432883 -1
0 -23.000000 4.000000 7.500000 0.505801 0.449100 -1
0 -23.000000 1.500001 7.500000 0.505801 0.489639 -1
0 5.500000 -6.000000 7.500000 0.505801 0.611262 -1
0 -5.500000 -6.000000 7.500000 0.505801 0.611262 -1
1
-0.000000 -0.000000 1.000000
21
0 0 1 2 0 0 0 1
0 3 4 5 0 0 0 1
0 5 6 3 0 0 0 1
0 7 8 6 0 0 0 1
0 7 6 5 0 0 0 1
0 7 9 8 0 0 0 1
0 10 0 2 0 0 0 1
0 0 10 11 0 0 0 1
0 11 12 0 0 0 0 1
0 13 14 15 0 0 0 1
0 13 15 16 0 0 0 1
0 17 18 19 0 0 0 1
0 19 20 17 0 0 0 1
0 21 22 23 0 0 0 1
0 21 23 24 0 0 0 1
0 13 16 21 0 0 0 1
0 21 24 13 0 0 0 1
0 19 14 13 0 0 0 1
0 13 20 19 0 0 0 1
0 15 14 25 0 0 0 1
0 15 26 16 0 0 0 1

Materials: 2
"frame"
0.000000 0.000000 0.000000 1.000000
1.000000 1.000000 1.000000 1.000000
1.000000 1.000000 1.000000 1.000000
0.000000 0.000000 0.000000 1.000000
0.000000
1.000000
"textures/Frame 4th ani texture.ini"
""
"parts"
0.000000 0.000000 0.000000 1.000000
1.000000 1.000000 1.000000 1.000000
1.000000 1.000000 1.000000 1.000000
0.000000 0.000000 0.000000 1.000000
0.000000
1.000000
"textures/Tap Note 4th ani texture.ini"
""
