// MilkShape 3D ASCII

Frames: 30
Frame: 1

Meshes: 3
"center" 0 1
98
0 -0.000000 -0.000000 -1.100000 0.730539 0.834985 -1
0 -10.440696 -0.000000 -1.100000 0.749171 0.706704 -1
0 -10.240149 -2.036531 -1.100000 0.716604 0.706704 -1
0 -0.000000 -0.000000 -1.100000 0.607579 0.834985 -1
0 -7.382684 -7.382685 -1.099999 0.626211 0.706704 -1
0 -5.800243 -8.681316 -1.099999 0.593645 0.706704 -1
0 -0.000000 -0.000000 -1.100000 0.484619 0.834985 -1
0 -0.000000 -10.440696 -1.099999 0.503251 0.706704 -1
0 2.036531 -10.240149 -1.099999 0.470685 0.706704 -1
0 -0.000000 -0.000000 -1.100000 0.361659 0.834985 -1
0 7.382684 -7.382685 -1.099999 0.380291 0.706704 -1
0 8.681316 -5.800243 -1.099999 0.347725 0.706704 -1
0 -0.000000 -0.000000 -1.100000 0.238699 0.834985 -1
0 10.440696 -0.000000 -1.100000 0.257331 0.706704 -1
0 10.240149 2.036531 -1.100000 0.224765 0.706704 -1
0 -0.000000 -0.000000 -1.100000 0.115740 0.834985 -1
0 7.382684 7.382684 -1.100001 0.134372 0.706704 -1
0 5.800243 8.681316 -1.100001 0.101806 0.706704 -1
0 -0.000000 -0.000000 -1.100000 0.976458 0.834985 -1
0 -0.000000 10.440696 -1.100001 0.993264 0.706704 -1
0 -2.036531 10.240149 -1.100001 0.962524 0.706704 -1
0 -0.000000 -0.000000 -1.100000 0.853498 0.834985 -1
0 -7.382684 7.382684 -1.100001 0.872130 0.706705 -1
0 -8.681316 5.800243 -1.100001 0.839564 0.706704 -1
0 -0.000000 -0.000000 -1.100000 0.669059 0.834985 -1
0 -9.646219 -3.994815 -1.100000 0.687691 0.706704 -1
0 -8.681316 -5.800243 -1.099999 0.655125 0.706704 -1
0 -0.000000 -0.000000 -1.100000 0.546099 0.834985 -1
0 -3.994816 -9.646220 -1.099999 0.564731 0.706704 -1
0 -2.036531 -10.240149 -1.099999 0.532165 0.706704 -1
0 -0.000000 -0.000000 -1.100000 0.423139 0.834985 -1
0 3.994816 -9.646219 -1.099999 0.441771 0.706704 -1
0 5.800243 -8.681316 -1.099999 0.409205 0.706704 -1
0 -0.000000 -0.000000 -1.100000 0.300179 0.834985 -1
0 9.646220 -3.994815 -1.100000 0.318811 0.706704 -1
0 10.240149 -2.036531 -1.100000 0.286245 0.706704 -1
0 -0.000000 -0.000000 -1.100000 0.177219 0.834985 -1
0 9.646219 3.994816 -1.100000 0.195851 0.706704 -1
0 8.681316 5.800243 -1.100001 0.163285 0.706704 -1
0 -0.000000 -0.000000 -1.100000 0.054604 0.834985 -1
0 3.994816 9.646220 -1.100001 0.073215 0.706704 -1
0 2.036531 10.240149 -1.100001 0.040326 0.706704 -1
0 -0.000000 -0.000000 -1.100000 0.914978 0.834985 -1
0 -3.994816 9.646219 -1.100001 0.933610 0.706704 -1
0 -5.800243 8.681316 -1.100001 0.901044 0.706704 -1
0 -0.000000 -0.000000 -1.100000 0.792018 0.834985 -1
0 -9.646220 3.994816 -1.100000 0.810650 0.706704 -1
0 -10.240149 2.036531 -1.100000 0.778084 0.706704 -1
0 -0.000000 -0.000000 -1.100000 0.884238 0.834985 -1
0 -0.000000 -0.000000 -1.100000 0.945718 0.834985 -1
0 -0.000000 -0.000000 -1.100000 0.023520 0.834985 -1
0 -0.000000 10.440696 -1.100001 0.011412 0.706704 -1
0 -0.000000 -0.000000 -1.100000 0.085000 0.834985 -1
0 -0.000000 -0.000000 -1.100000 0.146479 0.834985 -1
0 -0.000000 -0.000000 -1.100000 0.207959 0.834985 -1
0 -0.000000 -0.000000 -1.100000 0.269439 0.834985 -1
0 -0.000000 -0.000000 -1.100000 0.330919 0.834985 -1
0 -0.000000 -0.000000 -1.100000 0.392399 0.834985 -1
0 -0.000000 -0.000000 -1.100000 0.453879 0.834985 -1
0 -0.000000 -0.000000 -1.100000 0.515359 0.834985 -1
0 -0.000000 -0.000000 -1.100000 0.576839 0.834985 -1
0 -0.000000 -0.000000 -1.100000 0.638319 0.834985 -1
0 -0.000000 -0.000000 -1.100000 0.699798 0.834985 -1
0 -0.000000 -0.000000 -1.100000 0.761278 0.834985 -1
0 -0.000000 -0.000000 -1.100000 0.822758 0.834985 -1
0 -15.240666 -0.000000 2.836404 0.748406 0.647200 -1
0 -14.947923 -2.972799 2.836404 0.717665 0.647200 -1
0 -10.776778 -10.776778 2.836405 0.625446 0.647200 -1
0 -8.466830 -12.672440 2.836405 0.594706 0.647200 -1
0 0.000000 -15.240666 2.836405 0.502486 0.647200 -1
0 2.972799 -14.947923 2.836405 0.471746 0.647200 -1
0 10.776778 -10.776778 2.836405 0.379526 0.647200 -1
0 12.672440 -8.466830 2.836405 0.348786 0.647200 -1
0 15.240666 -0.000000 2.836404 0.256566 0.647200 -1
0 14.947923 2.972799 2.836404 0.225826 0.647200 -1
0 10.776778 10.776778 2.836403 0.133607 0.647200 -1
0 8.466830 12.672440 2.836403 0.102867 0.647200 -1
0 0.000000 15.240666 2.836403 0.994325 0.647200 -1
0 -2.972799 14.947923 2.836403 0.963585 0.647200 -1
0 -10.776778 10.776778 2.836403 0.871365 0.647202 -1
0 -12.672440 8.466830 2.836404 0.840625 0.647200 -1
0 -14.080936 -5.831395 2.836405 0.686926 0.647200 -1
0 -12.672440 -8.466830 2.836405 0.656186 0.647200 -1
0 -5.831395 -14.080936 2.836405 0.563966 0.647200 -1
0 -2.972799 -14.947923 2.836405 0.533226 0.647200 -1
0 5.831395 -14.080936 2.836405 0.441006 0.647200 -1
0 8.466830 -12.672440 2.836405 0.410266 0.647200 -1
0 14.080936 -5.831395 2.836405 0.318046 0.647200 -1
0 14.947923 -2.972799 2.836404 0.287306 0.647200 -1
0 14.080936 5.831395 2.836404 0.195086 0.647200 -1
0 12.672440 8.466830 2.836404 0.164346 0.647200 -1
0 5.831395 14.080936 2.836403 0.072471 0.647200 -1
0 2.972799 14.947923 2.836403 0.041387 0.647200 -1
0 -5.831395 14.080936 2.836403 0.932845 0.647200 -1
0 -8.466830 12.672440 2.836403 0.902105 0.647200 -1
0 -14.080936 5.831395 2.836404 0.809885 0.647200 -1
0 -14.947923 2.972799 2.836404 0.779145 0.647200 -1
0 0.000000 15.240666 2.836403 0.010647 0.647200 -1
65
-0.000000 -0.000000 1.000000
0.355100 -0.000000 0.934800
0.348300 0.069300 0.934800
0.251100 0.251100 0.934800
0.197300 0.295300 0.934800
-0.000000 0.355100 0.934800
-0.069300 0.348300 0.934800
-0.251100 0.251100 0.934800
-0.295300 0.197300 0.934800
-0.355100 -0.000000 0.934800
-0.348300 -0.069300 0.934800
-0.251100 -0.251100 0.934800
-0.197300 -0.295300 0.934800
-0.000000 -0.355100 0.934800
0.069300 -0.348300 0.934800
0.251100 -0.251100 0.934800
0.295300 -0.197300 0.934800
0.328100 0.135900 0.934800
0.295300 0.197300 0.934800
0.135900 0.328100 0.934800
0.069300 0.348300 0.934800
-0.135900 0.328100 0.934800
-0.197300 0.295300 0.934800
-0.328100 0.135900 0.934800
-0.348300 0.069300 0.934800
-0.328100 -0.135900 0.934800
-0.295300 -0.197300 0.934800
-0.135900 -0.328100 0.934800
-0.069300 -0.348300 0.934800
0.135900 -0.328100 0.934800
0.197300 -0.295300 0.934800
0.328100 -0.135900 0.934800
0.348300 -0.069300 0.934800
0.634100 -0.000000 0.773200
0.621900 0.123700 0.773200
0.448400 0.448400 0.773200
0.352300 0.527300 0.773200
-0.000000 0.634100 0.773200
-0.123700 0.621900 0.773200
-0.448400 0.448400 0.773200
-0.527300 0.352300 0.773200
-0.634100 -0.000000 0.773200
-0.621900 -0.123700 0.773200
-0.448400 -0.448400 0.773200
-0.352300 -0.527300 0.773200
-0.000000 -0.634100 0.773200
0.123700 -0.621900 0.773200
0.448400 -0.448400 0.773200
0.527300 -0.352300 0.773200
0.585900 0.242600 0.773200
0.527300 0.352300 0.773200
0.242600 0.585900 0.773200
0.123700 0.621900 0.773200
-0.242600 0.585900 0.773200
-0.352300 0.527300 0.773200
-0.585900 0.242600 0.773200
-0.621900 0.123700 0.773200
-0.585900 -0.242600 0.773200
-0.527300 -0.352300 0.773200
-0.242600 -0.585900 0.773200
-0.123700 -0.621900 0.773200
0.242600 -0.585900 0.773200
0.352300 -0.527300 0.773200
0.585900 -0.242600 0.773200
0.621900 -0.123700 0.773200
96
0 0 1 2 0 1 2 1
0 3 4 5 0 3 4 1
0 6 7 8 0 5 6 1
0 9 10 11 0 7 8 1
0 12 13 14 0 9 10 1
0 15 16 17 0 11 12 1
0 18 19 20 0 13 14 1
0 21 22 23 0 15 16 1
0 24 25 26 0 17 18 1
0 27 28 29 0 19 20 1
0 30 31 32 0 21 22 1
0 33 34 35 0 23 24 1
0 36 37 38 0 25 26 1
0 39 40 41 0 27 28 1
0 42 43 44 0 29 30 1
0 45 46 47 0 31 32 1
0 48 44 22 0 30 15 1
0 49 20 43 0 14 29 1
0 50 41 51 0 28 13 1
0 52 17 40 0 12 27 1
0 53 38 16 0 26 11 1
0 54 14 37 0 10 25 1
0 55 35 13 0 24 9 1
0 56 11 34 0 8 23 1
0 57 32 10 0 22 7 1
0 58 8 31 0 6 21 1
0 59 29 7 0 20 5 1
0 60 5 28 0 4 19 1
0 61 26 4 0 18 3 1
0 62 2 25 0 2 17 1
0 63 47 1 0 32 1 1
0 64 23 46 0 16 31 1
0 2 1 65 2 1 33 1
0 2 65 66 2 33 34 1
0 5 4 67 4 3 35 1
0 5 67 68 4 35 36 1
0 8 7 69 6 5 37 1
0 8 69 70 6 37 38 1
0 11 10 71 8 7 39 1
0 11 71 72 8 39 40 1
0 14 13 73 10 9 41 1
0 14 73 74 10 41 42 1
0 17 16 75 12 11 43 1
0 17 75 76 12 43 44 1
0 20 19 77 14 13 45 1
0 20 77 78 14 45 46 1
0 23 22 79 16 15 47 1
0 23 79 80 16 47 48 1
0 26 25 81 18 17 49 1
0 26 81 82 18 49 50 1
0 29 28 83 20 19 51 1
0 29 83 84 20 51 52 1
0 32 31 85 22 21 53 1
0 32 85 86 22 53 54 1
0 35 34 87 24 23 55 1
0 35 87 88 24 55 56 1
0 38 37 89 26 25 57 1
0 38 89 90 26 57 58 1
0 41 40 91 28 27 59 1
0 41 91 92 28 59 60 1
0 44 43 93 30 29 61 1
0 44 93 94 30 61 62 1
0 47 46 95 32 31 63 1
0 47 95 96 32 63 64 1
0 22 44 94 15 30 62 1
0 22 94 79 15 62 47 1
0 43 20 78 29 14 46 1
0 43 78 93 29 46 61 1
0 51 41 92 13 28 60 1
0 51 92 97 13 60 45 1
0 40 17 76 27 12 44 1
0 40 76 91 27 44 59 1
0 16 38 90 11 26 58 1
0 16 90 75 11 58 43 1
0 37 14 74 25 10 42 1
0 37 74 89 25 42 57 1
0 13 35 88 9 24 56 1
0 13 88 73 9 56 41 1
0 34 11 72 23 8 40 1
0 34 72 87 23 40 55 1
0 10 32 86 7 22 54 1
0 10 86 71 7 54 39 1
0 31 8 70 21 6 38 1
0 31 70 85 21 38 53 1
0 7 29 84 5 20 52 1
0 7 84 69 5 52 37 1
0 28 5 68 19 4 36 1
0 28 68 83 19 36 51 1
0 4 26 82 3 18 50 1
0 4 82 67 3 50 35 1
0 25 2 66 17 2 34 1
0 25 66 81 17 34 49 1
0 1 47 96 1 32 64 1
0 1 96 65 1 64 33 1
0 46 23 80 31 16 48 1
0 46 80 95 31 48 63 1
"outer" 0 0
192
0 -13.124249 13.117373 7.022241 0.023810 0.422925 0
0 -16.001316 9.397074 7.021289 0.023810 0.422925 0
0 -12.407460 7.377172 3.000000 0.976190 0.422925 0
0 -10.203967 10.212601 2.999999 0.976190 0.422925 0
0 17.857643 -4.844325 7.020940 0.023810 0.422925 0
0 18.505861 0.015761 7.021384 0.023810 0.422925 0
0 14.427677 0.009837 3.000000 0.976190 0.422925 0
0 14.126567 -3.858630 3.000001 0.976190 0.422925 0
0 -16.000202 -9.364879 7.022342 0.023810 0.422925 0
0 -13.124157 -13.085863 7.022245 0.023810 0.422925 0
0 -10.203960 -10.192923 3.000002 0.976190 0.422925 0
0 -12.407454 -7.357495 3.000001 0.976190 0.422925 0
0 13.078986 13.117458 7.022241 0.023810 0.422925 0
0 9.358687 15.994527 7.021287 0.023810 0.422925 0
0 7.366124 12.416096 2.999998 0.976190 0.422925 0
0 10.201553 10.212605 2.999999 0.976190 0.422925 0
0 15.955024 9.396474 7.022338 0.023810 0.422925 0
0 12.405044 7.377174 3.000000 0.976190 0.422925 0
0 -0.022552 18.544245 7.021380 0.023810 0.422925 0
0 -4.882368 17.895016 7.021818 0.023810 0.422925 0
0 -3.824782 13.922893 2.999998 0.976190 0.422925 0
0 -0.001205 14.438724 2.999998 0.976190 0.422925 0
0 17.856630 4.875578 7.021821 0.023810 0.422925 0
0 13.911845 3.833417 3.000000 0.976190 0.422925 0
0 -18.551037 0.015834 7.021384 0.023810 0.422925 0
0 -17.901806 -4.843983 7.021822 0.023810 0.422925 0
0 -13.914253 -3.813736 3.000001 0.976190 0.422925 0
0 -14.430088 0.009843 3.000000 0.976190 0.422925 0
0 -17.902821 4.875920 7.020939 0.023810 0.422925 0
0 -13.914253 3.833417 3.000000 0.976190 0.422925 0
0 13.079074 -13.085777 7.022244 0.023810 0.422925 0
0 15.956138 -9.365478 7.021292 0.023810 0.422925 0
0 12.405049 -7.357489 3.000001 0.976190 0.422925 0
0 10.201557 -10.192917 3.000002 0.976190 0.422925 0
0 -4.882711 -17.864437 7.020942 0.023810 0.422925 0
0 -0.022623 -18.512650 7.021386 0.023810 0.422925 0
0 -0.001210 -14.419040 3.000002 0.976190 0.422925 0
0 -3.824782 -13.903207 3.000002 0.976190 0.422925 0
0 4.837193 -17.863426 7.021824 0.023810 0.422925 0
0 3.822370 -13.903209 3.000002 0.976190 0.422925 0
0 -9.403864 -15.962933 7.021293 0.023810 0.422925 0
0 -7.368533 -12.396412 3.000002 0.976190 0.422925 0
0 9.358090 -15.961814 7.022343 0.023810 0.422925 0
0 7.366130 -12.396407 3.000002 0.976190 0.422925 0
0 4.837535 17.896030 7.020936 0.023810 0.422925 0
0 3.822369 13.922893 2.999998 0.976190 0.422925 0
0 -9.403264 15.993408 7.022337 0.023810 0.422925 0
0 -7.368539 12.416092 2.999998 0.976190 0.422925 0
0 -25.214573 -6.817312 0.800588 0.286269 0.022354 0
0 -26.121981 0.009454 0.800239 0.192793 0.022354 0
0 -27.437870 0.009521 -0.944000 0.189517 0.022354 0
0 -26.484331 -7.161025 -0.943998 0.281691 0.022354 0
0 6.826877 -25.205156 0.800576 0.874515 0.022354 0
0 0.000114 -26.112562 0.800227 0.801134 0.022354 0
0 0.000055 -27.428396 -0.943996 0.812122 0.022354 0
0 7.170600 -26.474861 -0.943996 0.882659 0.022354 0
0 18.471037 -18.461535 0.799293 0.931718 0.022354 0
0 13.182679 -22.542763 0.800175 0.915513 0.022354 0
0 13.843058 -23.680361 -0.943996 0.926657 0.022354 0
0 19.401592 -19.392015 -0.943996 0.941068 0.022354 0
0 25.214727 6.836275 0.800577 0.715371 0.022354 0
0 26.122128 0.009512 0.800226 0.808847 0.022354 0
0 27.437969 0.009524 -0.944000 0.812122 0.022354 0
0 26.484434 7.180069 -0.944002 0.719949 0.022354 0
0 6.826612 25.223368 0.799908 0.286346 0.022354 0
0 13.182209 22.560881 0.799367 0.396873 0.022354 0
0 13.843050 23.699413 -0.944004 0.389100 0.022354 0
0 7.170596 26.493912 -0.944004 0.281690 0.022354 0
0 -6.826715 25.224152 0.800588 0.127124 0.022354 0
0 0.000054 26.131548 0.800236 0.200506 0.022354 0
0 0.000050 27.447445 -0.944004 0.189517 0.022354 0
0 -7.170497 26.493912 -0.944004 0.118981 0.022354 0
0 -22.551317 13.191615 0.799375 0.084035 0.022354 0
0 -18.470884 18.480522 0.799307 0.070618 0.022354 0
0 -19.401487 19.411062 -0.944004 0.060571 0.022354 0
0 -23.689838 13.852524 -0.944002 0.074983 0.022354 0
0 18.471113 18.480450 0.799298 0.500858 0.022354 0
0 22.552338 13.192080 0.800179 0.615286 0.022354 0
0 23.689936 13.852524 -0.944002 0.612540 0.022354 0
0 19.401588 19.411066 -0.944004 0.500819 0.022354 0
0 22.551466 -13.172634 0.799359 0.917605 0.022354 0
0 23.689941 -13.833475 -0.943998 0.926657 0.022354 0
0 -6.826441 -25.204384 0.799903 0.710231 0.022354 0
0 -7.170492 -26.474863 -0.943996 0.719949 0.022354 0
0 -18.507393 -18.415409 0.799908 0.499870 0.022354 0
0 -22.552176 -13.173118 0.800185 0.386355 0.022354 0
0 -23.689835 -13.833480 -0.943998 0.389100 0.022354 0
0 -19.437965 -19.344740 -0.943996 0.499870 0.022354 0
0 -13.180916 -22.543808 0.800487 0.610173 0.022354 0
0 -13.842945 -23.680365 -0.943996 0.612540 0.022354 0
0 -25.213800 6.836014 0.799913 0.127104 0.022354 0
0 -26.484333 7.180068 -0.944002 0.118981 0.022354 0
0 25.213945 -6.817043 0.799898 0.876607 0.022354 0
0 26.484436 -7.161023 -0.943998 0.882658 0.022354 0
0 -13.182521 22.561754 0.800188 0.086127 0.022354 0
0 -13.842951 23.699411 -0.944004 0.074983 0.022354 0
0 -22.422625 -6.085073 4.081543 0.985992 0.092072 0
0 -23.236122 0.009583 4.081504 0.985992 0.092072 0
0 -26.121981 0.009454 0.800239 0.014008 0.092072 0
0 -25.214573 -6.817312 0.800588 0.014008 0.092072 0
0 6.094666 -22.413057 4.081563 0.985992 0.092072 0
0 0.000007 -23.226551 4.081525 0.985992 0.092072 0
0 0.000114 -26.112562 0.800227 0.014008 0.092072 0
0 6.826877 -25.205156 0.800576 0.014008 0.092072 0
0 16.430323 -16.420740 4.082340 0.985992 0.092072 0
0 11.756725 -20.032766 4.081980 0.985992 0.092072 0
0 13.182679 -22.542763 0.800175 0.014008 0.092072 0
0 18.471037 -18.461535 0.799293 0.014008 0.092072 0
0 22.422634 6.104253 4.081552 0.985992 0.092072 0
0 23.236137 0.009596 4.081520 0.985992 0.092072 0
0 26.122128 0.009512 0.800226 0.014008 0.092072 0
0 25.214727 6.836275 0.800577 0.014008 0.092072 0
0 6.094606 22.432058 4.081392 0.985992 0.092072 0
0 11.756627 20.051777 4.081802 0.985992 0.092072 0
0 13.182209 22.560881 0.799367 0.014008 0.092072 0
0 6.826612 25.223368 0.799908 0.014008 0.092072 0
0 -6.094659 22.432207 4.081532 0.985992 0.092072 0
0 -0.000008 23.245705 4.081498 0.985992 0.092072 0
0 0.000054 26.131548 0.800236 0.014008 0.092072 0
0 -6.826715 25.224152 0.800588 0.014008 0.092072 0
0 -20.042179 11.766214 4.081796 0.985992 0.092072 0
0 -16.430302 16.439898 4.082308 0.985992 0.092072 0
0 -18.470884 18.480522 0.799307 0.014008 0.092072 0
0 -22.551317 13.191615 0.799375 0.014008 0.092072 0
0 16.430317 16.439899 4.082320 0.985992 0.092072 0
0 20.042341 11.766307 4.081964 0.985992 0.092072 0
0 22.552338 13.192080 0.800179 0.014008 0.092072 0
0 18.471113 18.480450 0.799298 0.014008 0.092072 0
0 20.042200 -11.747049 4.081825 0.985992 0.092072 0
0 22.551466 -13.172634 0.799359 0.014008 0.092072 0
0 -6.094645 -22.412977 4.081488 0.985992 0.092072 0
0 -6.826441 -25.204384 0.799903 0.014008 0.092072 0
0 -16.430105 -16.420437 4.082012 0.985992 0.092072 0
0 -20.042374 -11.747154 4.082004 0.985992 0.092072 0
0 -22.552176 -13.173118 0.800185 0.014008 0.092072 0
0 -18.507393 -18.415409 0.799908 0.014008 0.092072 0
0 -11.756423 -20.032368 4.081536 0.985992 0.092072 0
0 -13.180916 -22.543808 0.800487 0.014008 0.092072 0
0 -22.422468 6.104197 4.081391 0.985992 0.092072 0
0 -25.213800 6.836014 0.799913 0.014008 0.092072 0
0 22.422487 -6.085024 4.081415 0.985992 0.092072 0
0 25.213945 -6.817043 0.799898 0.014008 0.092072 0
0 -11.756709 20.051918 4.081947 0.985992 0.092072 0
0 -13.182521 22.561754 0.800188 0.014008 0.092072 0
0 -16.430302 16.439898 4.082308 0.014008 0.258843 0
0 -13.124249 13.117373 7.022241 0.985992 0.258843 0
0 -9.403264 15.993408 7.022337 0.985992 0.258843 0
0 -11.756709 20.051918 4.081947 0.014008 0.258843 0
0 -20.042374 -11.747154 4.082004 0.014008 0.258843 0
0 -16.430105 -16.420437 4.082012 0.014008 0.258843 0
0 -13.124157 -13.085863 7.022245 0.985992 0.258843 0
0 -16.000202 -9.364879 7.022342 0.985992 0.258843 0
0 -11.756423 -20.032368 4.081536 0.014008 0.258843 0
0 -6.094645 -22.412977 4.081488 0.014008 0.258843 0
0 -4.882711 -17.864437 7.020942 0.985992 0.258843 0
0 -9.403864 -15.962933 7.021293 0.985992 0.258843 0
0 11.756725 -20.032766 4.081980 0.014008 0.258843 0
0 16.430323 -16.420740 4.082340 0.014008 0.258843 0
0 13.079074 -13.085777 7.022244 0.985992 0.258843 0
0 9.358090 -15.961814 7.022343 0.985992 0.258843 0
0 20.042200 -11.747049 4.081825 0.014008 0.258843 0
0 22.422487 -6.085024 4.081415 0.014008 0.258843 0
0 17.857643 -4.844325 7.020940 0.985992 0.258843 0
0 15.956138 -9.365478 7.021292 0.985992 0.258843 0
0 11.756627 20.051777 4.081802 0.014008 0.258843 0
0 9.358687 15.994527 7.021287 0.985992 0.258843 0
0 13.078986 13.117458 7.022241 0.985992 0.258843 0
0 16.430317 16.439899 4.082320 0.014008 0.258843 0
0 -0.000008 23.245705 4.081498 0.014008 0.258843 0
0 -0.022552 18.544245 7.021380 0.985992 0.258843 0
0 4.837535 17.896030 7.020936 0.985992 0.258843 0
0 6.094606 22.432058 4.081392 0.014008 0.258843 0
0 -4.882368 17.895016 7.021818 0.985992 0.258843 0
0 -6.094659 22.432207 4.081532 0.014008 0.258843 0
0 -22.422468 6.104197 4.081391 0.014008 0.258843 0
0 -23.236122 0.009583 4.081504 0.014008 0.258843 0
0 -18.551037 0.015834 7.021384 0.985992 0.258843 0
0 -17.902821 4.875920 7.020939 0.985992 0.258843 0
0 -22.422625 -6.085073 4.081543 0.014008 0.258843 0
0 -17.901806 -4.843983 7.021822 0.985992 0.258843 0
0 0.000007 -23.226551 4.081525 0.014008 0.258843 0
0 -0.022623 -18.512650 7.021386 0.985992 0.258843 0
0 6.094666 -22.413057 4.081563 0.014008 0.258843 0
0 4.837193 -17.863426 7.021824 0.985992 0.258843 0
0 23.236137 0.009596 4.081520 0.014008 0.258843 0
0 18.505861 0.015761 7.021384 0.985992 0.258843 0
0 20.042341 11.766307 4.081964 0.014008 0.258843 0
0 15.955024 9.396474 7.022338 0.985992 0.258843 0
0 17.856630 4.875578 7.021821 0.985992 0.258843 0
0 22.422634 6.104253 4.081552 0.014008 0.258843 0
0 -20.042179 11.766214 4.081796 0.014008 0.258843 0
0 -16.001316 9.397074 7.021289 0.985992 0.258843 0
120
0.040100 -0.040200 0.998400
0.047500 -0.028100 0.998500
0.602400 -0.353600 0.715600
0.494200 -0.494500 0.715000
-0.061700 0.017000 0.998000
-0.062300 -0.004900 0.998000
-0.707200 -0.009300 0.707000
-0.685200 0.187400 0.703800
0.048200 0.028500 0.998400
0.040800 0.040700 0.998300
0.494800 0.494900 0.714300
0.603000 0.353900 0.715000
-0.042600 -0.042500 0.998200
-0.029700 -0.050100 0.998300
-0.354900 -0.604300 0.713300
-0.496400 -0.496000 0.712500
-0.051200 -0.030200 0.998200
-0.605400 -0.355000 0.712300
-0.000000 -0.055600 0.998500
0.014700 -0.053100 0.998500
0.184500 -0.674300 0.715000
-0.000200 -0.699500 0.714600
-0.056400 -0.015600 0.998300
-0.676900 -0.185300 0.712400
0.053900 0.000100 0.998500
0.052300 0.014500 0.998500
0.673600 0.184700 0.715700
0.698100 0.000200 0.716000
0.051900 -0.014300 0.998600
0.673300 -0.184300 0.716100
-0.043100 0.043200 0.998100
-0.052300 0.036600 0.998000
-0.605600 0.365800 0.706700
-0.496700 0.496700 0.711700
0.015000 0.054200 0.998400
-0.000100 0.057000 0.998400
-0.000300 0.700500 0.713600
0.184600 0.675200 0.714200
-0.015400 0.055500 0.998300
-0.185500 0.676100 0.713100
0.029000 0.049000 0.998400
0.354000 0.603700 0.714300
-0.030300 0.051200 0.998200
-0.355300 0.605300 0.712300
-0.015000 -0.054200 0.998400
-0.185100 -0.675000 0.714200
0.028500 -0.048200 0.998400
0.353600 -0.603100 0.715000
-0.749400 -0.202900 0.630300
-0.776300 -0.000000 0.630300
-0.798300 -0.000000 0.602300
-0.770600 -0.208600 0.602200
0.202900 -0.749400 0.630300
-0.000000 -0.776300 0.630300
-0.000000 -0.798300 0.602200
0.208700 -0.770600 0.602200
0.549100 -0.549000 0.630100
0.390500 -0.671100 0.630200
0.401400 -0.690100 0.602200
0.564500 -0.564400 0.602300
0.749400 0.202900 0.630300
0.776300 -0.000000 0.630300
0.798300 -0.000000 0.602200
0.770600 0.208700 0.602200
0.202900 0.749300 0.630400
0.390400 0.671100 0.630300
0.401300 0.689900 0.602500
0.208600 0.770400 0.602500
-0.202900 0.749400 0.630300
-0.000000 0.776300 0.630300
-0.000000 0.798300 0.602300
-0.208600 0.770600 0.602200
-0.671100 0.390400 0.630300
-0.549100 0.549000 0.630100
-0.564500 0.564400 0.602400
-0.689900 0.401300 0.602500
0.549000 0.549100 0.630100
0.671100 0.390500 0.630200
0.690100 0.401400 0.602200
0.564400 0.564500 0.602400
0.671100 -0.390400 0.630300
0.689900 -0.401300 0.602500
-0.202900 -0.749300 0.630400
-0.208600 -0.770500 0.602300
-0.550000 -0.548500 0.629800
-0.671100 -0.390500 0.630200
-0.690100 -0.401500 0.602100
-0.565200 -0.564000 0.602000
-0.391000 -0.671000 0.630000
-0.402200 -0.689700 0.602200
-0.749300 0.202900 0.630400
-0.770400 0.208600 0.602500
0.749300 -0.202900 0.630400
0.770400 -0.208600 0.602500
-0.390500 0.671100 0.630200
-0.401400 0.690100 0.602200
-0.631800 -0.171700 0.755900
-0.654800 -0.000000 0.755800
0.171400 -0.630700 0.756800
-0.000000 -0.653800 0.756700
0.462100 -0.462000 0.757000
0.329300 -0.564500 0.756900
0.630500 0.171300 0.757100
0.653300 -0.000100 0.757100
0.171600 0.631200 0.756400
0.329500 0.564900 0.756500
-0.171500 0.631500 0.756100
0.000100 0.654200 0.756300
-0.565700 0.330000 0.755700
-0.463000 0.463000 0.755800
0.462300 0.462200 0.756700
0.564500 0.329200 0.756900
0.564400 -0.329100 0.757000
-0.171400 -0.631200 0.756500
-0.462700 -0.463200 0.755900
-0.565400 -0.329900 0.756000
-0.329900 -0.565300 0.756100
-0.632000 0.171800 0.755700
0.630400 -0.171300 0.757100
-0.329800 0.565500 0.755900
192
0 0 1 2 0 1 2 1
0 0 2 3 0 2 3 1
0 4 5 6 4 5 6 1
0 4 6 7 4 6 7 1
0 8 9 10 8 9 10 1
0 8 10 11 8 10 11 1
0 12 13 14 12 13 14 1
0 12 14 15 12 14 15 1
0 16 12 15 16 12 15 1
0 16 15 17 16 15 17 1
0 18 19 20 18 19 20 1
0 18 20 21 18 20 21 1
0 22 16 17 22 16 17 1
0 22 17 23 22 17 23 1
0 24 25 26 24 25 26 1
0 24 26 27 24 26 27 1
0 28 24 27 28 24 27 1
0 28 27 29 28 27 29 1
0 30 31 32 30 31 32 1
0 30 32 33 30 32 33 1
0 34 35 36 34 35 36 1
0 34 36 37 34 36 37 1
0 31 4 7 31 4 7 1
0 31 7 32 31 7 32 1
0 35 38 39 35 38 39 1
0 35 39 36 35 39 36 1
0 40 34 37 40 34 37 1
0 40 37 41 40 37 41 1
0 9 40 41 9 40 41 1
0 9 41 10 9 41 10 1
0 38 42 43 38 42 43 1
0 38 43 39 38 43 39 1
0 25 8 11 25 8 11 1
0 25 11 26 25 11 26 1
0 44 18 21 44 18 21 1
0 44 21 45 44 21 45 1
0 13 44 45 13 44 45 1
0 13 45 14 13 45 14 1
0 46 0 3 46 0 3 1
0 46 3 47 46 3 47 1
0 19 46 47 19 46 47 1
0 19 47 20 19 47 20 1
0 5 22 23 5 22 23 1
0 5 23 6 5 23 6 1
0 1 28 29 1 28 29 1
0 1 29 2 1 29 2 1
0 48 49 50 48 49 50 1
0 48 50 51 48 50 51 1
0 52 53 54 52 53 54 1
0 52 54 55 52 54 55 1
0 56 57 58 56 57 58 1
0 56 58 59 56 58 59 1
0 60 61 62 60 61 62 1
0 60 62 63 60 62 63 1
0 64 65 66 64 65 66 1
0 64 66 67 64 66 67 1
0 68 69 70 68 69 70 1
0 68 70 71 68 70 71 1
0 72 73 74 72 73 74 1
0 72 74 75 72 74 75 1
0 69 64 67 69 64 67 1
0 69 67 70 69 67 70 1
0 76 77 78 76 77 78 1
0 76 78 79 76 78 79 1
0 80 56 59 80 56 59 1
0 80 59 81 80 59 81 1
0 53 82 83 53 82 83 1
0 53 83 54 53 83 54 1
0 84 85 86 84 85 86 1
0 84 86 87 84 86 87 1
0 88 84 87 88 84 87 1
0 88 87 89 88 87 89 1
0 90 72 75 90 72 75 1
0 90 75 91 90 75 91 1
0 82 88 89 82 88 89 1
0 82 89 83 82 89 83 1
0 61 92 93 61 92 93 1
0 61 93 62 61 93 62 1
0 65 76 79 65 76 79 1
0 65 79 66 65 79 66 1
0 73 94 95 73 94 95 1
0 73 95 74 73 95 74 1
0 94 68 71 94 68 71 1
0 94 71 95 94 71 95 1
0 77 60 63 77 60 63 1
0 77 63 78 77 63 78 1
0 92 80 81 92 80 81 1
0 92 81 93 92 81 93 1
0 57 52 55 57 52 55 1
0 57 55 58 57 55 58 1
0 85 48 51 85 48 51 1
0 85 51 86 85 51 86 1
0 49 90 91 49 90 91 1
0 49 91 50 49 91 50 1
0 96 97 98 96 97 49 1
0 96 98 99 96 49 48 1
0 100 101 102 98 99 53 1
0 100 102 103 98 53 52 1
0 104 105 106 100 101 57 1
0 104 106 107 100 57 56 1
0 108 109 110 102 103 61 1
0 108 110 111 102 61 60 1
0 112 113 114 104 105 65 1
0 112 114 115 104 65 64 1
0 116 117 118 106 107 69 1
0 116 118 119 106 69 68 1
0 120 121 122 108 109 73 1
0 120 122 123 108 73 72 1
0 117 112 115 107 104 64 1
0 117 115 118 107 64 69 1
0 124 125 126 110 111 77 1
0 124 126 127 110 77 76 1
0 128 104 107 112 100 56 1
0 128 107 129 112 56 80 1
0 101 130 131 99 113 82 1
0 101 131 102 99 82 53 1
0 132 133 134 114 115 85 1
0 132 134 135 114 85 84 1
0 136 132 135 116 114 84 1
0 136 135 137 116 84 88 1
0 138 120 123 117 108 72 1
0 138 123 139 117 72 90 1
0 130 136 137 113 116 88 1
0 130 137 131 113 88 82 1
0 109 140 141 103 118 92 1
0 109 141 110 103 92 61 1
0 113 124 127 105 110 76 1
0 113 127 114 105 76 65 1
0 121 142 143 109 119 94 1
0 121 143 122 109 94 73 1
0 142 116 119 119 106 68 1
0 142 119 143 119 68 94 1
0 125 108 111 111 102 60 1
0 125 111 126 111 60 77 1
0 140 128 129 118 112 80 1
0 140 129 141 118 80 92 1
0 105 100 103 101 98 52 1
0 105 103 106 101 52 57 1
0 133 96 99 115 96 48 1
0 133 99 134 115 48 85 1
0 97 138 139 97 117 90 1
0 97 139 98 97 90 49 1
0 144 145 146 109 0 46 1
0 144 146 147 109 46 119 1
0 148 149 150 115 114 9 1
0 148 150 151 115 9 8 1
0 152 153 154 116 113 34 1
0 152 154 155 116 34 40 1
0 156 157 158 101 100 30 1
0 156 158 159 101 30 42 1
0 160 161 162 112 118 4 1
0 160 162 163 112 4 31 1
0 164 165 166 105 13 12 1
0 164 166 167 105 12 110 1
0 168 169 170 107 18 44 1
0 168 170 171 107 44 104 1
0 147 146 172 119 46 19 1
0 147 172 173 119 19 106 1
0 173 172 169 106 19 18 1
0 173 169 168 106 18 107 1
0 174 175 176 117 97 24 1
0 174 176 177 117 24 28 1
0 178 148 151 96 115 8 1
0 178 151 179 96 8 25 1
0 175 178 179 97 96 25 1
0 175 179 176 97 25 24 1
0 149 152 155 114 116 40 1
0 149 155 150 114 40 9 1
0 153 180 181 113 99 35 1
0 153 181 154 113 35 34 1
0 182 156 159 98 101 42 1
0 182 159 183 98 42 38 1
0 180 182 183 99 98 38 1
0 180 183 181 99 38 35 1
0 157 160 163 100 112 31 1
0 157 163 158 100 31 30 1
0 184 185 162 103 5 4 1
0 184 162 161 103 4 118 1
0 186 187 188 111 16 22 1
0 186 188 189 111 22 102 1
0 189 188 185 102 22 5 1
0 189 185 184 102 5 103 1
0 167 166 187 110 12 16 1
0 167 187 186 110 16 111 1
0 190 174 177 108 117 28 1
0 190 177 191 108 28 1 1
0 190 191 145 108 1 0 1
0 190 145 144 108 0 109 1
0 42 30 33 42 30 33 1
0 42 33 43 42 33 43 1
0 171 170 165 104 44 13 1
0 171 165 164 104 13 105 1
"spikes" 0 0
102
0 2.877398 28.955145 0.953144 0.166207 0.518503 0
0 -2.877097 28.955147 0.953144 0.056726 0.518503 0
0 0.000147 25.940901 6.000000 0.111466 0.518503 0
0 -2.924362 18.214584 7.200000 0.292394 0.515001 0
0 0.000149 20.789667 9.021400 0.463026 0.515001 0
0 0.000147 25.940901 6.000000 0.463026 0.515001 0
0 -2.877097 28.955147 0.953144 0.295151 0.515001 0
0 0.000149 20.789667 9.021400 0.900131 0.518820 0
0 2.906775 17.236958 6.300000 0.973850 0.518820 0
0 2.929888 18.208508 7.200000 0.974436 0.518820 0
0 -2.920791 17.239271 6.300000 0.826049 0.518820 0
0 -2.924362 18.214584 7.200000 0.825958 0.518820 0
0 2.877398 28.955145 0.953144 0.713768 0.518760 0
0 0.000147 25.940901 6.000000 0.536133 0.518760 0
0 0.000149 20.789667 9.021400 0.536133 0.518760 0
0 2.929888 18.208508 7.200000 0.717009 0.518760 0
0 0.000149 17.555462 6.200000 0.900131 0.518820 0
0 26.514591 11.985671 0.953142 0.166207 0.518503 0
0 23.637344 16.969212 0.953142 0.056726 0.518503 0
0 22.465555 12.970322 5.999998 0.111466 0.518503 0
0 14.312114 11.639863 7.199999 0.292394 0.515001 0
0 18.004457 10.394703 9.021399 0.463026 0.515001 0
0 22.465555 12.970322 5.999998 0.463026 0.515001 0
0 23.637344 16.969212 0.953142 0.295151 0.515001 0
0 18.004457 10.394703 9.021399 0.900131 0.518820 0
0 16.381031 6.101136 6.299999 0.973850 0.518820 0
0 17.233976 6.566895 7.199998 0.974436 0.518820 0
0 13.469253 11.149114 6.300000 0.826049 0.518820 0
0 14.312114 11.639863 7.199999 0.825958 0.518820 0
0 26.514591 11.985671 0.953142 0.713768 0.518760 0
0 22.465555 12.970322 5.999998 0.536133 0.518760 0
0 18.004457 10.394703 9.021399 0.536133 0.518760 0
0 17.233976 6.566895 7.199998 0.717009 0.518760 0
0 15.203552 8.777600 6.199999 0.900131 0.518820 0
0 23.637192 -16.969475 0.953138 0.166207 0.518503 0
0 26.514441 -11.985937 0.953139 0.056726 0.518503 0
0 22.465406 -12.970580 5.999995 0.111466 0.518503 0
0 17.236475 -6.574722 7.199996 0.292394 0.515001 0
0 18.004307 -10.394965 9.021397 0.463026 0.515001 0
0 22.465406 -12.970580 5.999995 0.463026 0.515001 0
0 26.514441 -11.985937 0.953139 0.295151 0.515001 0
0 18.004307 -10.394965 9.021397 0.900131 0.518820 0
0 13.474257 -11.135821 6.299996 0.973850 0.518820 0
0 14.304086 -11.641614 7.199996 0.974436 0.518820 0
0 16.390043 -6.090158 6.299997 0.826049 0.518820 0
0 17.236475 -6.574722 7.199996 0.825958 0.518820 0
0 23.637192 -16.969475 0.953138 0.713768 0.518760 0
0 22.465406 -12.970580 5.999995 0.536133 0.518760 0
0 18.004307 -10.394965 9.021397 0.536133 0.518760 0
0 14.304086 -11.641614 7.199996 0.717009 0.518760 0
0 15.203402 -8.777863 6.199996 0.900131 0.518820 0
0 -2.877408 -28.955145 0.953136 0.166207 0.518503 0
0 2.877087 -28.955149 0.953136 0.056726 0.518503 0
0 -0.000155 -25.940903 5.999993 0.111466 0.518503 0
0 2.924356 -18.214588 7.199995 0.292394 0.515001 0
0 -0.000156 -20.789669 9.021395 0.463026 0.515001 0
0 -0.000155 -25.940903 5.999993 0.463026 0.515001 0
0 2.877087 -28.955149 0.953136 0.295151 0.515001 0
0 -0.000156 -20.789669 9.021395 0.900131 0.518820 0
0 -2.906780 -17.236958 6.299995 0.973850 0.518820 0
0 -2.929894 -18.208509 7.199995 0.974436 0.518820 0
0 2.920786 -17.239273 6.299995 0.826049 0.518820 0
0 2.924356 -18.214588 7.199995 0.825958 0.518820 0
0 -2.877408 -28.955145 0.953136 0.713768 0.518760 0
0 -0.000155 -25.940903 5.999993 0.536133 0.518760 0
0 -0.000156 -20.789669 9.021395 0.536133 0.518760 0
0 -2.929894 -18.208509 7.199995 0.717009 0.518760 0
0 -0.000155 -17.555464 6.199995 0.900131 0.518820 0
0 -23.637192 16.969471 0.953142 0.166207 0.518503 0
0 -26.514442 11.985933 0.953142 0.056726 0.518503 0
0 -22.465408 12.970576 5.999998 0.111466 0.518503 0
0 -17.236475 6.574718 7.199998 0.292394 0.515001 0
0 -18.004309 10.394961 9.021399 0.463026 0.515001 0
0 -22.465408 12.970576 5.999998 0.463026 0.515001 0
0 -26.514442 11.985933 0.953142 0.295151 0.515001 0
0 -18.004309 10.394961 9.021399 0.900131 0.518820 0
0 -13.474257 11.135818 6.300000 0.973850 0.518820 0
0 -14.304088 11.641610 7.199999 0.974436 0.518820 0
0 -16.390043 6.090155 6.299999 0.826049 0.518820 0
0 -17.236475 6.574718 7.199998 0.825958 0.518820 0
0 -23.637192 16.969471 0.953142 0.713768 0.518760 0
0 -22.465408 12.970576 5.999998 0.536133 0.518760 0
0 -18.004309 10.394961 9.021399 0.536133 0.518760 0
0 -14.304088 11.641610 7.199999 0.717009 0.518760 0
0 -15.203403 8.777859 6.199999 0.900131 0.518820 0
0 -26.514591 -11.985675 0.953139 0.166207 0.518503 0
0 -23.637342 -16.969215 0.953138 0.056726 0.518503 0
0 -22.465553 -12.970326 5.999995 0.111466 0.518503 0
0 -14.312113 -11.639867 7.199996 0.292394 0.515001 0
0 -18.004456 -10.394708 9.021397 0.463026 0.515001 0
0 -22.465553 -12.970326 5.999995 0.463026 0.515001 0
0 -23.637342 -16.969215 0.953138 0.295151 0.515001 0
0 -18.004456 -10.394708 9.021397 0.900131 0.518820 0
0 -16.381031 -6.101140 6.299997 0.973850 0.518820 0
0 -17.233974 -6.566898 7.199996 0.974436 0.518820 0
0 -13.469252 -11.149117 6.299996 0.826049 0.518820 0
0 -14.312113 -11.639867 7.199996 0.825958 0.518820 0
0 -26.514591 -11.985675 0.953139 0.713768 0.518760 0
0 -22.465553 -12.970326 5.999995 0.536133 0.518760 0
0 -18.004456 -10.394708 9.021397 0.536133 0.518760 0
0 -17.233974 -6.566898 7.199996 0.717009 0.518760 0
0 -15.203551 -8.777604 6.199996 0.900131 0.518820 0
42
-0.000000 0.858500 0.512800
-0.700900 0.360900 0.615200
-0.138700 -0.671200 0.728200
0.137700 -0.671400 0.728200
0.700800 0.361000 0.615300
0.096500 -0.654300 0.750000
-0.097500 -0.654200 0.750000
0.743500 0.429300 0.512800
-0.038000 0.787500 0.615200
-0.650600 -0.215500 0.728200
-0.512600 -0.455000 0.728200
0.663000 -0.426400 0.615300
-0.518400 -0.410700 0.750000
-0.615300 -0.242700 0.750000
0.743500 -0.429300 0.512800
0.663000 0.426600 0.615200
-0.512000 0.455700 0.728200
-0.650300 0.216500 0.728200
-0.037800 -0.787400 0.615300
-0.614900 0.243600 0.750000
-0.517800 0.411600 0.750000
-0.000000 -0.858500 0.512800
0.700900 -0.360900 0.615200
0.138700 0.671200 0.728200
-0.137700 0.671400 0.728200
-0.700800 -0.361000 0.615300
-0.096500 0.654300 0.750000
0.097500 0.654200 0.750000
-0.743500 0.429300 0.512800
-0.663000 -0.426600 0.615200
0.512000 -0.455700 0.728200
0.650300 -0.216500 0.728200
0.037800 0.787400 0.615300
0.614900 -0.243600 0.750000
0.517800 -0.411600 0.750000
-0.743500 -0.429300 0.512800
0.038000 -0.787500 0.615200
0.650600 0.215500 0.728200
0.512600 0.455000 0.728200
-0.663000 0.426400 0.615300
0.518400 0.410700 0.750000
0.615300 0.242700 0.750000
54
0 0 1 2 0 0 0 1
0 3 4 5 1 1 1 1
0 3 5 6 1 1 1 1
0 7 8 9 2 2 2 1
0 10 7 11 3 3 3 1
0 12 13 14 4 4 4 1
0 12 14 15 4 4 4 1
0 16 7 10 5 5 5 1
0 8 7 16 6 6 6 1
0 17 18 19 7 7 7 1
0 20 21 22 8 8 8 1
0 20 22 23 8 8 8 1
0 24 25 26 9 9 9 1
0 27 24 28 10 10 10 1
0 29 30 31 11 11 11 1
0 29 31 32 11 11 11 1
0 33 24 27 12 12 12 1
0 25 24 33 13 13 13 1
0 34 35 36 14 14 14 1
0 37 38 39 15 15 15 1
0 37 39 40 15 15 15 1
0 41 42 43 16 16 16 1
0 44 41 45 17 17 17 1
0 46 47 48 18 18 18 1
0 46 48 49 18 18 18 1
0 50 41 44 19 19 19 1
0 42 41 50 20 20 20 1
0 51 52 53 21 21 21 1
0 54 55 56 22 22 22 1
0 54 56 57 22 22 22 1
0 58 59 60 23 23 23 1
0 61 58 62 24 24 24 1
0 63 64 65 25 25 25 1
0 63 65 66 25 25 25 1
0 67 58 61 26 26 26 1
0 59 58 67 27 27 27 1
0 68 69 70 28 28 28 1
0 71 72 73 29 29 29 1
0 71 73 74 29 29 29 1
0 75 76 77 30 30 30 1
0 78 75 79 31 31 31 1
0 80 81 82 32 32 32 1
0 80 82 83 32 32 32 1
0 84 75 78 33 33 33 1
0 76 75 84 34 34 34 1
0 85 86 87 35 35 35 1
0 88 89 90 36 36 36 1
0 88 90 91 36 36 36 1
0 92 93 94 37 37 37 1
0 95 92 96 38 38 38 1
0 97 98 99 39 39 39 1
0 97 99 100 39 39 39 1
0 101 92 95 40 40 40 1
0 93 92 101 41 41 41 1

Materials: 2
"white outer"
0.000000 0.000000 0.000000 1.000000
1.000000 1.000000 1.000000 1.000000
1.000000 1.000000 1.000000 1.000000
0.000000 0.000000 0.000000 1.000000
0.000000
1.000000
"_mine tex.png"
""
"red middle"
1.000000 1.000000 1.000000 1.000000
1.000000 1.000000 1.000000 1.000000
0.898039 0.898039 0.898039 1.000000
0.000000 0.000000 0.000000 1.000000
12.799999
1.000000
"_mine ani tex.ini"
""

Bones: 1
"joint1"
""
0 0 0 0 0 0 0
2
1.000000 0.000000 0.000000 0.000000
120.000000 0.000000 0.000000 0.000000
3
1.000000 0.000000 0.000000 0.000000
60.000000 0.000000 0.000000 3.1
120.000000 0.000000 0.000000 6.2

GroupComments: 0
MaterialComments: 0
BoneComments: 0
ModelComment: 0